Wavelength	250	255	260	265	270	275	280	285	290	295	300	305	310	315	320	325	330	335	340	345	350	355	360	365	370	375	380	385	390	395	400
300	0.398422763	0.429253294	0.532116613	1.973796748	10.85730841	12.0426936	2.231836002	0.895584859	2.627491848	28.85942031	57.76661297	23.68884946	0.474077166	0.097027743	0.073104676	0.056557139	0.068123589	0.050951388	0.036822753	0.044348167	0.031379834	0.03362821	0.035047184	0.024094369	0.030357079	0.022696698	0.023450284	0.020200775	0.0225687	0.014981221	0.015722886
302	0.541866891	0.498227455	0.528917583	1.086018329	7.573895625	14.76755548	4.540665945	0.878333678	1.10096065	13.47230885	53.10158335	43.03886702	4.27358582	0.122533745	0.092254075	0.066191162	0.049767015	0.057093042	0.046850672	0.043598456	0.041683675	0.025840238	0.031334796	0.032556802	0.0256806	0.02511411	0.025055978	0.022614606	0.017911882	0.02071611	0.017029577
304	0.508256521	0.549981428	0.586639231	0.785230018	4.411592469	14.69883693	8.158189052	1.157951372	0.823326203	4.887999245	38.02502424	56.4720939	15.94984499	0.239002792	0.089564085	0.072802458	0.065937306	0.053185334	0.03604152	0.038376189	0.030846683	0.031373547	0.031410135	0.031838926	0.024520462	0.023739427	0.027719852	0.020763179	0.018165699	0.017418203	0.014123955
306	0.510848351	0.607266702	0.615376176	0.751784794	2.532246193	12.53450721	11.97248709	1.921672933	0.739320145	1.624082186	20.92367404	58.92611104	34.31087298	1.91291147	0.123384084	0.068315526	0.067866087	0.05746173	0.042263231	0.039541918	0.043579058	0.030189063	0.032134689	0.032149421	0.025993974	0.025768506	0.024778818	0.030104126	0.024650702	0.020750693	0.015724727
308	0.503614589	0.659152081	0.62644508	0.756135198	1.427587875	8.670752918	15.29118487	4.314046882	0.847816121	0.791300987	8.106463121	48.59882008	52.79208911	10.29093374	0.175611611	0.095362933	0.069424882	0.060947517	0.047670435	0.03488302	0.040066402	0.037305675	0.030650815	0.027780041	0.024226756	0.024408474	0.028353127	0.029461873	0.024016707	0.017700889	0.016263452
310	0.672794509	0.680133348	0.709208978	0.819104484	1.174387106	5.270068378	15.2964664	7.841087819	0.98130185	0.773090532	2.534742983	30.64834428	62.1351013	27.03811972	0.652480013	0.101680027	0.071333398	0.063257369	0.049253673	0.043522439	0.036286838	0.041518884	0.033236907	0.032858099	0.023592383	0.020988941	0.025048891	0.024115304	0.017306656	0.015537101	0.020546026
312	0.765923665	0.729903766	0.752623303	0.92786297	1.079023931	3.235036799	13.2833461	12.03267698	1.923760544	0.709032514	0.88138837	14.17592697	58.37106456	47.19759863	5.185984678	0.135845022	0.078084864	0.068249227	0.047304724	0.042717834	0.030964602	0.037365946	0.032516657	0.027722973	0.031658324	0.026170992	0.027687943	0.02232447	0.016435285	0.020494771	0.020512565
314	0.719449512	0.756206573	0.809907523	0.912273951	1.069707418	1.861563024	9.449142567	15.26739333	3.899969684	0.734829821	0.682666693	4.659731721	41.84327104	61.75014559	19.58569067	0.250200986	0.105380562	0.059669809	0.059774988	0.036413158	0.04351662	0.038576301	0.029607885	0.03098868	0.025260222	0.025432187	0.029284157	0.017038188	0.023172424	0.017205342	0.01728564
316	0.785936078	0.828319336	0.850181437	0.903806219	1.149714768	1.371399872	5.727167442	15.99342748	7.67219309	1.029934585	0.652145706	1.303223941	21.64153443	62.74897148	42.80075849	2.484166037	0.124923002	0.077729971	0.058711733	0.046377761	0.038979444	0.039950266	0.035149137	0.033883146	0.023195094	0.031973105	0.028002129	0.022928448	0.02028753	0.017178714	0.015452817
318	0.796965894	0.831803149	0.866465148	0.970388887	1.115857195	1.338036246	3.610555719	13.7154464	11.51309619	1.701911332	0.654238024	0.685589109	8.832412203	51.52680514	61.83936968	11.3398611	0.15608131	0.079814009	0.057087766	0.052255795	0.051117885	0.041867611	0.046151193	0.029263631	0.033895239	0.025789019	0.0357045	0.026324265	0.027902017	0.020443547	0.018636943
320	0.888117895	0.952892746	1.000815889	1.136131244	1.206586657	1.383095091	2.268909672	10.32465172	14.98803299	3.690555747	0.687676752	0.6181506	2.458346412	30.62643878	69.23941424	31.85068805	0.715797296	0.114146776	0.072492105	0.055369216	0.048454001	0.043826841	0.036900132	0.042391641	0.034905255	0.025837118	0.028991309	0.02202096	0.023512414	0.019637489	0.020764464
322	0.87001851	1.017337304	0.983994629	1.052772055	1.428301382	1.356690304	1.636334095	6.750372891	16.02266827	7.320934912	0.876217441	0.635302609	0.89971171	13.68336182	60.76606398	54.28469661	6.308586756	0.142255372	0.064221245	0.056237905	0.049988447	0.045646779	0.041413563	0.043093662	0.028528697	0.019893633	0.02932707	0.031958024	0.024404782	0.023941513	0.016806465
324	0.966160306	1.003295401	1.160968227	1.308315676	1.373474686	1.480779885	1.587536291	3.681800104	14.15843203	11.43792926	1.805772258	0.629392565	0.669157704	4.227549513	40.4794459	68.56304792	23.38401148	0.282467145	0.099383633	0.066544206	0.049701258	0.042629876	0.030674072	0.040192574	0.034354263	0.034689123	0.02927252	0.019548734	0.020518605	0.020671855	0.019747832
326	0.940398088	1.120186262	1.167594064	1.313325135	1.603154361	1.535203534	1.552376517	2.376506071	10.58975937	14.99308093	3.923039177	0.613579465	0.620407421	1.219527504	20.09044282	67.1776001	47.63178447	2.830731906	0.131514096	0.066161821	0.055889217	0.051959852	0.049816791	0.039153242	0.036342964	0.030921756	0.033299405	0.022661834	0.020517549	0.017123674	0.013802867
328	1.00159452	1.180325534	1.244176213	1.330782233	1.524618308	1.605040107	1.616358742	1.740366249	6.810957242	15.63435166	7.307363758	0.856655856	0.5847733	0.707628981	7.554353599	50.99527332	67.00401391	14.11709172	0.191134175	0.086410202	0.071789311	0.04409537	0.044272281	0.041237375	0.037071688	0.031230636	0.030581738	0.026347759	0.026230921	0.024863997	0.020500621
330	0.982612287	1.14166114	1.339107393	1.368477918	1.719509006	1.726621533	1.622890636	1.687795304	4.014720485	13.86903085	11.64579504	1.710334081	0.578921974	0.612495748	1.951989203	28.34008921	73.83577968	37.74290238	0.895383014	0.124050089	0.064974299	0.0532932	0.036188892	0.049267416	0.038442442	0.032708759	0.033594207	0.027853495	0.024630156	0.017184821	0.019458257
332	1.110505313	1.260784592	1.387495629	1.444759732	1.636573417	1.659175121	1.821091696	1.62116307	2.454637429	10.46810328	14.88057124	3.7062351	0.609106621	0.584503937	0.802152547	12.09398087	64.03434581	60.372582	6.807601746	0.154464119	0.079555135	0.060371234	0.04580337	0.038990012	0.041013165	0.02610738	0.032896021	0.024517123	0.018447604	0.023771079	0.018323826
334	1.31911679	1.319440644	1.365058009	1.509213172	1.735065383	1.85380028	1.721061412	1.701132618	1.830292619	6.676580841	15.49661556	7.294528867	0.838183537	0.620244898	0.671633568	3.665493341	41.63453922	75.12485119	25.1298024	0.285858733	0.08721351	0.069825356	0.053434633	0.051829575	0.035795767	0.037438471	0.034885008	0.026913833	0.023730208	0.02041926	0.020762065
336	1.273313536	1.386808496	1.446363035	1.683562309	1.83250492	1.85531515	1.790536638	1.674991632	1.541969782	3.950496729	13.71284887	11.38667482	1.667622566	0.594578191	0.61244163	1.147634257	20.49040671	73.31541017	50.02257539	2.844436792	0.121837267	0.064629408	0.048059254	0.051137071	0.042641691	0.035381354	0.034490249	0.030874139	0.023507304	0.021554406	0.019220833
338	1.357309585	1.402381883	1.535115111	1.681812611	1.973929421	2.010798829	1.823217269	1.798615361	1.635785698	2.352120429	10.41942409	14.71496364	3.739107043	0.621723502	0.641424849	0.761268143	7.436474515	56.03444571	71.62870422	14.2981383	0.188274896	0.082886071	0.071785156	0.049312261	0.038845527	0.039860067	0.046295281	0.034061152	0.030784185	0.019637481	0.014916483
340	1.230536819	1.400113385	1.516836161	1.55549648	1.92572164	2.078059818	2.070822489	1.803376165	1.520363071	1.674709608	6.674683001	15.65515534	7.183739308	0.888973221	0.663159104	0.705813546	2.058176305	31.99686124	79.18704566	37.73653431	0.810564756	0.108447733	0.070913257	0.055414946	0.039607543	0.032009083	0.047278	0.030268006	0.023183365	0.018225997	0.021908215
342	1.373458237	1.601296928	1.551719021	1.759285237	2.095407732	2.003918591	2.188421711	1.881193119	1.677934041	1.402847141	4.050055998	14.19966433	11.010637	1.667608257	0.668042997	0.686797476	0.879789739	14.11943421	70.62152145	62.72673137	6.761357699	0.145184989	0.078578807	0.057298892	0.053391426	0.040874918	0.0465252	0.029758636	0.03138054	0.017137871	0.019153799
344	1.655056215	1.573286391	1.685188814	1.645356723	1.967065078	2.119452273	2.081411717	1.961536395	1.643246634	1.422227631	2.362924245	10.89247314	14.68914527	3.76086699	0.696592353	0.731046201	0.806039198	4.471778514	48.00624488	79.16557089	24.75086257	0.267430337	0.103082316	0.066228893	0.049447601	0.048364874	0.052976512	0.03875975	0.031425193	0.026962952	0.024789264
346	1.595363133	1.607358665	1.789621939	1.916880081	1.991204695	2.158536253	2.208643242	1.952853594	1.778271459	1.469136247	1.669793906	7.391500247	15.86740004	6.928625403	0.948798962	0.708002491	0.713428535	1.380741416	24.85784702	79.33136576	50.52610333	2.41364977	0.130051347	0.075735171	0.047100821	0.041550032	0.053652412	0.040188256	0.034051839	0.026500171	0.020288589
348	1.580544677	1.810977459	1.70092326	1.875974109	2.120081696	2.158244489	2.250622004	2.028494827	1.784527944	1.451948879	1.407169701	4.48848296	14.80794175	10.96587832	1.638399885	0.731441716	0.748293346	0.827346716	9.492871767	63.12876596	74.7658994	13.65656966	0.193203463	0.086988247	0.065218614	0.048198728	0.054386149	0.035019383	0.03496656	0.023932925	0.023434693
350	1.592403911	1.763155238	1.817358729	1.79468116	2.226620034	2.168728313	2.205859873	2.069695554	1.802284012	1.59485275	1.347593057	2.732814859	11.63207031	14.27754449	3.36371379	0.854976157	0.788534462	0.787730905	2.903471729	39.15773599	85.18422935	36.85139476	0.674947069	0.112758621	0.055576324	0.045981712	0.057207347	0.043737011	0.039801461	0.025316807	0.020512519
352	1.577340334	1.886033891	1.785403925	1.952762119	2.238408724	2.307338134	2.30892836	2.279311674	1.919782771	1.691877213	1.394172562	1.882609051	8.001061532	16.13163592	6.437775295	1.028813805	0.850863473	0.824558502	1.077365801	17.46919798	78.63448252	65.72365792	6.566513828	0.14655909	0.077730923	0.053097159	0.065557668	0.037763617	0.031980231	0.027445694	0.023750737
354	1.72647127	1.919747019	1.922774992	1.863151941	2.358060958	2.355886795	2.401853985	2.199539058	1.967610713	1.731778026	1.497926911	1.467577839	5.186476605	15.38761587	10.1436374	1.666796168	0.904300328	0.820551237	0.860676106	6.31606978	58.53129154	85.45332033	23.44188972	0.274960858	0.092324261	0.065292204	0.078787718	0.04338577	0.038737324	0.027809841	0.025819472
356	1.852507337	1.848974453	2.017114086	2.07684083	2.239450375	2.434558572	2.35899682	2.302396038	2.02703475	1.763289361	1.494814687	1.377966346	3.098430176	12.58113229	13.95534069	3.148817203	0.947750402	0.919502213	0.862242787	1.869745349	32.54044283	89.98566046	52.5220502	2.29083046	0.142386363	0.064175398	0.075217192	0.04027264	0.035828865	0.028955587	0.031679135
358	1.831096222	1.912468444	1.950290541	2.119159114	2.255157675	2.367027821	2.546714812	2.393182538	2.230647331	1.795087394	1.572756083	1.504262078	2.144746539	8.992260757	16.37720171	5.931693576	1.129337418	0.925179075	0.836821502	0.951980776	13.63394113	75.61821739	78.63379036	13.17989268	0.198618769	0.079848203	0.076627509	0.03839002	0.038718993	0.029955368	0.026119062
360	1.872184085	1.988537279	1.990203845	2.226960458	2.418958884	2.465527827	2.524460674	2.442678115	2.295379538	1.916975197	1.734581988	1.608788654	1.759539956	5.712919131	15.78777882	10.02555597	1.693062409	1.022808814	0.885928949	0.836743791	4.12405134	48.27065123	91.62124446	38.73942099	0.658692116	0.113512663	0.090420874	0.046828904	0.045218492	0.03076502	0.025909833
362	2.221571108	2.237277207	2.156636761	2.138705437	2.391543154	2.490778235	2.56149775	2.391279824	2.206605764	2.159179631	1.810822335	1.720549246	1.754626133	3.641886822	13.59870531	13.77441997	3.089209795	1.090811633	0.938566225	0.861436696	1.362325844	23.63272227	85.3661556	67.43768764	6.126310145	0.143754387	0.110476668	0.054049517	0.038667922	0.023235693	0.031208334
364	2.007300405	2.140941645	2.102154729	2.233300777	2.510902083	2.579948458	2.544819481	2.515120436	2.402808637	2.151792912	1.889312985	1.767253845	1.759486349	2.497211009	9.794410199	16.25444203	5.670680575	1.252767439	1.027813223	0.899252195	0.894852676	8.027782194	61.8094027	88.99176334	24.88976938	0.289584747	0.138473552	0.064982627	0.043681882	0.040293865	0.034559136
366	2.111688021	2.216992239	2.301598365	2.206875401	2.40332739	2.632751514	2.651994249	2.607239734	2.455339402	2.202928996	2.035432962	1.893569819	1.820739893	2.163071938	6.534518488	16.01662728	9.563373168	1.741296005	1.125861285	0.899843812	0.876701173	2.212067243	33.30257922	91.54368053	54.6971068	2.806462954	0.217404026	0.078208367	0.047996394	0.031316831	0.027188184
368	2.171834414	2.330860894	2.11696089	2.368522779	2.719142338	2.698422869	2.504562373	2.658743337	2.42599667	2.283413893	2.063974051	1.992773665	1.923803893	2.077000728	4.311959737	13.92456862	13.31493516	2.781452714	1.149119165	1.01455387	0.912524712	1.033547825	13.42206557	74.71108304	82.31086182	15.09810576	0.334773173	0.095062487	0.05467727	0.041238013	0.036805418
370	2.368021344	2.339177876	2.294637499	2.323237897	2.627490787	2.673404823	2.728300556	2.731760552	2.517128654	2.390169984	2.179495663	2.08004659	2.04081673	2.03536741	2.977151894	10.40938506	15.81725829	5.129006918	1.284802496	1.071927822	0.946603097	0.866279571	3.804205249	45.97955936	93.25429335	41.05366488	1.31285824	0.12188973	0.068523758	0.045045274	0.031139307
372	2.433724602	2.406083833	2.256853479	2.444569521	2.581331684	2.696437521	2.739427413	2.734006611	2.551520989	2.541660268	2.304841447	2.154559922	2.153614378	2.183933043	2.375528775	6.880077487	16.12629983	8.549994784	1.645865956	1.110219822	1.006660355	0.857116648	1.227914883	20.6099641	85.9626001	70.46998216	22.29026889	0.167632502	0.08257273	0.045542538	0.037256473
374	2.766280981	2.452233557	2.411309713	2.306314025	2.772846359	2.715336466	2.838935815	2.702206662	2.452721109	2.535212901	2.410920346	2.229996913	2.243517893	2.278355428	2.378664973	4.64657649	14.35969601	12.30753117	2.538896726	1.195291629	1.029840842	0.889712226	0.924996591	6.823926732	61.29300249	89.50183144	75.20241953	0.325800265	0.09117264	0.046283639	0.033812747
376	2.596300924	2.594744863	2.457277073	2.450839712	2.734320563	2.828418909	2.908665075	2.841246121	2.561116008	2.412508944	2.4156838	2.411027076	2.39259915	2.368293933	2.354683477	3.246249266	10.88145866	15.14436542	4.392093088	1.274105414	1.079925126	0.944884284	0.882098307	1.896235376	32.05833911	89.8417588	127.7456949	3.479846941	0.123347926	0.061515399	0.038948325
378	2.692381966	2.712969886	2.650912206	2.465398415	2.733481732	3.023531404	2.980748879	2.762037294	2.71264973	2.585652661	2.557057822	2.419380687	2.465690701	2.425378392	2.474753877	2.738028708	7.501349853	15.92567612	7.508903577	1.575693222	1.143066718	1.014041884	0.869220439	1.007095999	11.74651565	70.83195018	138.3851007	20.22168062	0.193385657	0.074343581	0.047673635
380	2.753777053	2.74339745	2.569282427	2.618866852	2.839386664	2.90942685	2.957832124	2.841258039	2.829742559	2.691830774	2.57061839	2.565091252	2.533253571	2.498623847	2.51382769	2.538533857	4.933737814	14.20417489	11.27145688	2.362587878	1.163439405	1.022617072	0.908452469	0.863936063	3.223235897	41.2644966	143.6565317	54.20150466	0.823230728	0.105253218	0.048619741
382	2.88731424	2.685330394	2.692499116	2.782615084	2.944389049	3.00351421	2.935017672	2.922917919	2.810481628	2.695297843	2.569091981	2.592688957	2.574271199	2.698177385	2.619962307	2.561048505	3.506930426	11.27467234	14.29538462	4.096519335	1.325556017	1.049162366	0.890662772	0.813635123	1.159104997	17.74883892	97.57691284	86.67440785	8.220176012	0.149409081	0.070323829
384	3.014734269	2.947796288	2.631884743	2.940124748	2.930731597	2.913362813	3.037585548	2.958845719	2.85975137	2.6515956	2.721200603	2.629060386	2.644252926	2.724228347	2.695851417	2.565147419	2.94570761	7.794969859	15.31607684	6.977133218	1.526103041	1.139801661	1.005109077	0.87176262	0.890013769	5.324944326	55.87217189	103.1085895	29.30173104	0.254014856	0.077476097
386	3.058690888	2.844562757	2.90394191	2.857010228	2.991228588	2.985579786	3.190082514	2.948118677	2.947889128	2.686719775	2.694228766	2.667132995	2.828307724	2.765220938	2.756745851	2.730721038	2.789463803	5.226562579	14.14310952	10.67852104	2.306929415	1.21873317	1.054268044	0.912228455	0.829187772	1.470467643	25.53525804	94.57570615	60.56616012	2.87707129	0.105968718
388	3.154100614	2.943077183	3.02100979	2.738266453	2.986448191	3.160223536	3.111901168	3.079840996	2.929838758	2.823694188	2.811214302	2.83531724	2.866410944	2.834118712	2.806969371	2.810175489	2.696862041	3.923135229	11.733071	13.46329547	3.742453929	1.296185955	1.059285367	0.98629562	0.80603912	0.907253869	9.37867227	71.34135512	84.44925866	14.80966749	0.15907554
390	3.202706607	3.079414298	3.091913309	3.129723768	2.975478084	3.125653947	3.211847983	3.075729475	2.943996306	2.863280458	2.769954802	2.825646096	2.908353932	2.952049199	2.872024666	2.864716266	2.659913737	3.111757727	8.458955162	14.85777502	6.385067989	1.504620138	1.190205485	1.016125572	0.875695416	0.772015917	2.54410299	39.1353333	94.10020275	40.14898091	0.640216821
392	3.44826328	3.205581405	3.092129983	2.824043605	3.160438485	3.290100696	3.214645296	3.142938579	2.958068419	2.988710392	2.930195914	2.792734425	2.899113013	2.905022741	2.948147935	2.919746342	2.779762943	2.852422775	5.710480605	14.10033245	9.643159443	2.098483916	1.176597517	1.032651637	0.884708231	0.725173167	0.996167165	15.87756468	82.78805484	67.27303669	6.275924814
394	3.366676032	3.245689913	3.041461967	3.038234939	3.217443114	3.255806217	3.208635266	3.243588942	3.167357024	2.819470188	2.919823791	2.82084965	2.985047181	2.926678739	2.947244956	2.873285083	2.873544113	2.741899706	4.049963051	11.84858424	12.54717726	3.422777908	1.264785146	1.042759926	0.920818344	0.762927291	0.812168696	4.77235829	58.77347502	83.04482972	23.19739418
396	3.919544755	3.378815135	3.128962333	3.228595243	3.246922243	3.157220182	3.173426464	3.193141308	3.089304653	2.947983291	2.953739431	2.952489347	3.03790976	3.093802834	2.984023542	3.018055556	2.926507371	2.693491676	3.160017551	8.780912269	14.12856852	5.654043212	1.48927036	1.157120232	0.937232175	0.756158469	0.738461206	1.364846765	29.11168059	82.31311994	48.8479354
398	3.720052357	3.449364444	3.26992407	3.319274955	3.28647028	3.342602333	3.331715852	3.223273655	3.090628608	2.998540818	2.87010419	2.920379238	2.960516036	3.036915158	3.06692445	3.06791917	2.956363979	2.701112708	2.819805334	6.170225583	14.01515373	8.506463393	2.007941703	1.159755463	1.038506399	0.815462907	0.754548086	0.80973544	10.50859854	64.99376104	71.37573928
400	3.770030989	3.481262219	3.116406142	3.139033484	3.418808985	3.363132061	3.378562204	3.156164733	2.982763699	3.008231636	2.976241244	2.938135972	3.008832753	3.087765476	3.098693187	3.085357986	3.01486818	2.80347304	2.730796774	4.23990002	12.16643841	11.53705359	3.067801452	1.253955981	1.01295482	0.873294094	0.770756925	0.702451901	2.952034884	40.30266891	79.89816998
402	3.622679162	3.534422775	3.132333676	3.243996367	3.442299058	3.423328227	3.394747866	3.08286035	3.123904955	2.936254533	2.994057774	2.97912732	3.075555639	3.09933828	3.063298246	3.084498197	2.88204554	2.826466602	2.664262981	3.303492716	9.313481743	13.47615424	4.835736592	1.399600188	1.095422769	0.916864226	0.790715908	0.659173747	0.942407733	17.87287185	73.63228699
404	3.824519544	3.559584214	3.503221266	3.388195374	3.284142855	3.303666661	3.376856895	3.197038997	3.240418657	3.055147993	3.007038885	2.988588243	3.007422317	3.118799088	3.14314639	3.146020675	3.071918023	2.85497394	2.721640909	2.800323562	6.619727256	13.72605832	7.545059738	1.776828098	1.121018172	0.888210783	0.819161658	0.635944407	0.713432833	5.67749913	51.30519818
406	3.98691786	3.466704352	3.488357436	3.560397291	3.417565894	3.391200351	3.341574899	3.319354566	3.087922572	3.155916622	2.977083802	2.976475689	3.111752202	3.064089626	3.151361164	3.199251995	2.950717002	2.878797192	2.694433576	2.627328934	4.763128958	12.54214382	10.25932454	2.608462106	1.199645632	0.974449776	0.822814618	0.64364066	0.640975398	1.607972516	27.67361592
408	3.87102951	3.757879547	3.46521935	3.409326565	3.548248998	3.33131736	3.4576656	3.342244509	3.195065463	3.107955423	2.99349596	2.98485647	3.060234773	3.077119334	3.166995364	3.084122486	3.109727031	2.921906562	2.792454432	2.582049689	3.428395223	9.934941032	12.55729777	4.262262168	1.226771847	1.004980291	0.816274389	0.691623292	0.572313761	0.752415656	10.61093713
410	4.160969851	3.548395029	3.59075822	3.564389885	3.531628558	3.690395303	3.398622432	3.39905191	3.123094227	3.025733392	2.957814313	2.946675721	2.984370483	2.99964061	3.10564885	3.122866997	3.073707056	2.944294661	2.775464545	2.591079535	2.837050284	7.221354988	13.3498708	6.486671033	1.534781556	1.005982645	0.881291023	0.695319493	0.570029313	0.616441658	3.174704112
412	3.99482506	4.026059258	3.632151405	3.482020534	3.685908909	3.436906095	3.318741273	3.333933931	3.146093508	3.073145445	3.00424342	2.914717451	3.054676717	3.007684873	3.090534061	3.131077566	3.011410768	3.030660353	2.817325672	2.556606483	2.589028561	5.103229261	12.28923876	9.267901111	2.216901991	1.069234852	0.88656871	0.718510095	0.597380428	0.563559546	0.921419918
414	4.356307128	3.905613013	3.672638839	3.557398164	3.701922469	3.683845779	3.48923713	3.364004022	3.092699578	3.013850592	2.993167727	2.926087945	2.914802563	2.966666085	3.014062729	3.145308329	3.093598266	2.993363396	2.809107147	2.57567872	2.464760353	3.662818971	10.34364926	11.45253884	3.531973102	1.183982573	0.930284084	0.717330207	0.630873061	0.515996656	0.60827752
416	4.190363437	3.854582464	3.770082706	3.416892907	3.574015617	3.568205102	3.439780182	3.398460791	3.140470701	2.951981975	2.960636252	2.826473824	2.910018767	3.017780383	3.079306374	3.067510668	3.083414852	2.969724027	2.835316269	2.610499649	2.465734379	2.870012141	7.829327845	12.61451594	5.576644672	1.367724202	0.964720644	0.789067939	0.637488623	0.528199443	0.541508492
418	4.353356525	4.009769301	3.734158577	3.593131424	3.761185963	3.469854508	3.527834608	3.22085655	3.148863201	2.993348513	2.780344059	2.844783361	2.954790575	2.946206204	3.060704952	3.045562005	3.017802458	2.921698407	2.865043716	2.600500413	2.463930703	2.569469169	5.411598399	12.16833559	7.834536952	1.875173187	0.988329408	0.80952427	0.656801775	0.537817761	0.473175556
420	4.271273938	3.730185196	3.890106508	3.595068498	3.743377475	3.719979901	3.402890217	3.22840547	3.155348976	3.003163626	2.797021362	2.793244336	2.876580969	2.936818906	2.922287239	3.047411908	3.00444581	2.865132534	2.800392776	2.626698509	2.45506981	2.335783112	3.760276211	10.47060597	10.15558372	3.029723022	1.01375474	0.800757323	0.641815683	0.553559283	0.458094591
422	4.163132249	3.850293677	3.716815388	3.574983387	3.71900607	3.58039511	3.47801523	3.306328633	3.137195145	2.948018946	2.772922133	2.823533657	2.870086803	2.831287602	2.933564959	2.95457315	3.060594572	2.876378939	2.763753727	2.644570955	2.426679736	2.309746724	2.870082766	7.946101901	11.5334785	4.655977583	1.219851047	0.83464387	0.687033614	0.599298245	0.485301179
424	4.057779778	3.794393962	3.727656468	3.906191746	3.667354626	3.523498858	3.446972945	3.21306922	3.005441002	2.95134888	2.746519346	2.711959244	2.772095331	2.768177679	2.875507369	2.946952003	2.901660871	2.952878285	2.859493529	2.595621278	2.480736412	2.355824156	2.423835056	5.51599237	11.53829559	6.72014096	1.650030696	0.865407376	0.72020594	0.606906922	0.473946231
426	4.267546147	4.097164708	4.02039371	3.792872407	3.775380229	3.65634297	3.60249752	3.225897278	3.038153303	2.939777545	2.755390843	2.711424425	2.752112896	2.747751051	2.792090887	2.899817103	2.934675508	2.792881756	2.808474721	2.586518328	2.434559854	2.33817407	2.317726965	3.797481741	9.924303194	8.988489305	2.434040578	0.934157388	0.729673628	0.590216928	0.514956046
428	4.145615973	4.047480892	4.005427457	3.669402581	3.721655237	3.670822118	3.488600135	3.19519351	3.05790834	2.814483348	2.71671479	2.70306872	2.641259509	2.691144603	2.778438078	2.756212009	2.876986077	2.829672529	2.761406525	2.559887032	2.407006373	2.33726354	2.221194134	2.820864956	7.698443658	10.3410341	3.807766452	1.049267166	0.74885746	0.618556888	0.54232589
430	4.105564493	3.927244175	3.824035614	3.729266089	3.700139523	3.801865753	3.626234179	3.260877767	3.031297012	2.844468173	2.63975817	2.641432367	2.663656937	2.722308306	2.728936905	2.6998955	2.860360267	2.769803819	2.718571833	2.583244539	2.476073807	2.304393648	2.18707956	2.435574974	5.542060601	10.37081958	5.641822525	1.320753138	0.754588543	0.626916097	0.54321714
432	4.162512937	3.761757801	3.901325979	3.812707071	3.810457095	3.543530873	3.644078696	3.201159163	3.028613062	2.774722588	2.632707167	2.55029416	2.537997371	2.571957552	2.655012236	2.700448675	2.834164684	2.726942895	2.703012243	2.571670176	2.401289473	2.282753683	2.235306903	2.147020479	3.826515188	9.280738421	7.510137696	1.912388954	0.809400584	0.651353927	0.550715434
434	4.157185948	3.931926217	3.757084814	3.644982658	3.831507069	3.578011259	3.569348839	3.227620951	2.945451551	2.86826832	2.558919448	2.504360373	2.556295186	2.56969758	2.653794916	2.647077874	2.650635723	2.679622063	2.646552578	2.520414633	2.464074472	2.296518884	2.204438715	2.085490258	2.742944808	7.26675068	8.997053003	3.017889658	0.875890873	0.67795784	0.558835381
436	4.210086624	3.982004655	3.805080886	3.740207082	3.776835981	3.452479569	3.504294843	3.152923412	3.078112555	2.77914337	2.511523914	2.496668626	2.484758159	2.503580595	2.519634623	2.61619943	2.689580022	2.631301876	2.571099996	2.462918107	2.467363017	2.218379652	2.164623944	2.079117415	2.217140776	5.228271339	9.321671697	4.544833679	1.050859155	0.693427631	0.586407789
438	4.066338298	3.97104264	3.907072296	3.789500782	3.848761735	3.640211014	3.357619271	3.111097899	2.972005483	2.716571913	2.592859984	2.433949396	2.490670325	2.499744204	2.45639408	2.560489026	2.599037425	2.549344847	2.570479735	2.486183736	2.357514272	2.24196324	2.136412278	1.998184708	2.021476488	3.614232399	8.443470181	6.303313623	1.536265104	0.719807187	0.588448305
440	4.176305502	3.953856147	3.839904336	3.692911808	3.736514195	3.55512746	3.322010379	3.137760955	2.871066564	2.701382175	2.366731154	2.396621191	2.33360642	2.467912259	2.4160311	2.546079288	2.515757946	2.511209814	2.503525735	2.399881586	2.338648663	2.274374434	2.102484406	2.034788913	1.887435988	2.549556803	6.854493152	7.632066617	2.369733577	0.743972333	0.639023218
442	4.066554613	3.900947939	3.70962867	3.530398807	3.730769706	3.558895306	3.371458076	3.087083689	2.848539151	2.591648282	2.456839071	2.374422483	2.352417323	2.35219727	2.339933316	2.478739313	2.424181076	2.483681229	2.449263606	2.390940481	2.24394371	2.258149025	2.049904426	1.99462469	1.833246008	2.018831598	5.105376673	8.231638895	3.566231829	0.897830457	0.600166729
444	3.911840303	3.813277785	3.687064948	3.65704185	3.720996256	3.677347466	3.21707066	3.021674323	2.825882861	2.606429311	2.361551551	2.302867591	2.284314668	2.33322286	2.327789921	2.349431288	2.404872576	2.370321169	2.405702911	2.356279478	2.274688259	2.213062508	2.084520737	1.937336773	1.830283849	1.77272089	3.478980711	7.861697689	4.940300945	1.200609502	0.652671095
446	4.070768763	4.063041191	3.533789423	3.71193404	3.582143566	3.6135832	3.21022483	2.939466979	2.844309077	2.584921473	2.40391837	2.200714329	2.16358976	2.207275804	2.30059244	2.309656236	2.327035321	2.319963432	2.391970003	2.213378912	2.190158699	2.187226654	2.062222844	1.93524142	1.774801251	1.715463156	2.389343766	6.474175071	6.260438043	1.811661831	0.685300639
448	3.84871438	3.98323407	3.686543193	3.558943664	3.752493082	3.486877007	3.296061318	2.906512852	2.798503593	2.538101818	2.271943678	2.172336829	2.160798177	2.133326289	2.218333755	2.193702545	2.308147492	2.301919099	2.274772123	2.207043632	2.199671422	2.13349211	2.023479505	1.943977735	1.768129184	1.636644529	1.904837361	4.867200474	7.100532595	2.721819336	0.786586318
450	3.852052949	3.614369052	3.707473826	3.530570898	3.555803629	3.562243325	3.254714872	2.943532743	2.666648835	2.451768898	2.205722318	2.144649211	2.1716515	2.099560396	2.128326886	2.177322034	2.273403346	2.221220449	2.214786391	2.156606004	2.160133948	2.064291282	2.003349232	1.958170291	1.741568602	1.59570038	1.611601021	3.380160841	7.006184883	3.955800378	1.031452704
452	3.588297251	3.747154631	3.749397482	3.687725589	3.764702839	3.496527962	3.186706393	2.9211302	2.562728523	2.338862391	2.265708874	2.073750587	2.065914963	2.101500911	2.054347716	2.147644385	2.11199884	2.18581726	2.170766509	2.231033661	2.05502557	2.03718199	2.010811125	1.921487572	1.742586164	1.596775789	1.532452211	2.446387436	6.144497899	5.141180984	1.473081588
454	3.735666994	3.783143617	3.469257654	3.641907047	3.416693708	3.382117702	3.047857159	2.892407027	2.540798205	2.355094605	2.157698655	1.995178836	2.016294756	1.979657493	1.956527087	2.139196267	2.066982017	2.161393124	2.048224556	2.100674453	2.063662423	1.997989374	1.961294139	1.83645667	1.724133955	1.511215831	1.447279807	1.787199184	4.961402117	5.925162009	2.176102307
456	3.744166603	3.489120979	3.705568112	3.598927005	3.644388001	3.167285219	3.218315475	2.75540454	2.508948942	2.383264223	2.069557446	1.985360465	1.892276663	1.965807424	1.964641993	2.008996414	2.009404378	2.0456421	2.026507156	1.968987404	2.026139478	1.967350902	1.909737272	1.780053046	1.692028765	1.535580211	1.446198785	1.462687812	3.625602608	6.422490305	3.132121435
458	3.47559359	3.555518382	3.48116366	3.49877795	3.432707488	3.298125976	3.116961319	2.846897897	2.560158075	2.336205564	2.032932403	1.916289445	1.912977307	1.883873824	1.90939225	1.960546489	1.998598741	2.021109872	2.014533892	1.965032946	1.894719175	1.91296687	1.882681808	1.826326332	1.70996314	1.54691967	1.382576939	1.347765543	2.606602526	5.889226084	4.230492662
460	3.474979396	3.71512356	3.117653128	3.412762994	3.369855438	3.348543019	3.03629747	2.568928607	2.398149307	2.194983381	2.015525936	1.869279414	1.843570125	1.791494247	1.889165036	1.921505243	1.933229488	1.894434139	1.954560789	1.870905159	1.903580257	1.864865003	1.867125789	1.733648645	1.675628703	1.48577681	1.327776681	1.313222707	1.820982256	5.047711516	5.120658734
462	3.502571798	3.37051307	3.462105282	3.479237523	3.371892621	3.274565798	3.016925216	2.743457607	2.37682295	2.219142949	1.922189057	1.939172655	1.89034791	1.737540484	1.752969123	1.812818292	1.927269753	1.890416477	1.886864672	1.813911624	1.847451785	1.841266	1.772879817	1.751932786	1.589925239	1.476831452	1.316370846	1.228165914	1.431466965	3.812500099	5.493320671
464	3.342450151	3.331629766	3.397528748	3.492648452	3.281358844	3.193616806	2.906583802	2.760011391	2.493488412	2.092328677	1.939175105	1.807820537	1.774733629	1.697279923	1.744305824	1.780152229	1.802646634	1.71772389	1.832021776	1.843083542	1.787975717	1.811853482	1.756440005	1.742686429	1.600202462	1.465925929	1.302464396	1.238773565	1.239627969	2.693110481	5.411637929
466	3.429853524	3.374441939	3.460403572	3.244300559	3.353542416	3.118155925	2.878468322	2.595426727	2.328022363	2.135893792	1.902127089	1.796643387	1.692147113	1.700971188	1.690093645	1.730696854	1.7298334	1.774491847	1.789863602	1.729984065	1.732276763	1.731082055	1.771486295	1.71639069	1.556600704	1.466828863	1.3604639	1.155043396	1.115406971	1.91429357	4.831787963
468	3.416122585	3.341315394	3.259964299	3.329523696	3.371346339	2.998422393	2.817958506	2.572537814	2.359845696	2.019632067	1.780662729	1.730517004	1.690484089	1.638337814	1.701219262	1.620141389	1.724515917	1.7019107	1.693580068	1.726161814	1.716451721	1.70487116	1.697365977	1.639335134	1.5549606	1.409450074	1.295270243	1.152164939	1.120455138	1.451825243	3.867601771
470	3.483287509	3.366262075	3.224640634	3.183614686	3.249665175	3.080948942	2.909304136	2.537688489	2.247804892	2.074348655	1.834000692	1.627171702	1.612728438	1.618608846	1.609615557	1.590125949	1.639718788	1.611552841	1.641672569	1.678243216	1.636889135	1.663672168	1.693858442	1.569955655	1.511212051	1.372283646	1.25092478	1.13487352	1.052710533	1.144427702	2.823742403
472	3.319344519	3.222826481	3.212142318	3.132827577	3.058199395	2.928607702	2.746527416	2.461269862	2.231482451	1.947276137	1.738100998	1.668615071	1.609414158	1.53948228	1.587662568	1.571213309	1.603671758	1.621216933	1.612462424	1.626102721	1.599419509	1.615048408	1.620921982	1.566675337	1.459876741	1.403145729	1.288776292	1.115333461	1.036089878	1.008667539	1.945360086
474	3.379951217	3.274440152	3.210065158	3.146015985	3.067621932	3.035524099	2.762064278	2.307076922	2.23421653	1.974974908	1.736195893	1.611282963	1.604157039	1.547581052	1.476943597	1.50349874	1.572047099	1.607211641	1.570733194	1.580917279	1.509280533	1.591279702	1.566486109	1.522043536	1.48174205	1.343867224	1.259878003	1.107157329	0.995379739	0.963560603	1.453270849
476	3.37701811	3.002146492	2.988801249	2.984264512	2.988884037	2.915196965	2.696061293	2.347388832	2.135403566	1.889604855	1.678147072	1.523473169	1.48356355	1.532905125	1.468455654	1.472629428	1.517845608	1.495150322	1.552587562	1.501203089	1.50267424	1.502413195	1.515515104	1.479394141	1.455424272	1.336471809	1.258403111	1.073497388	0.985648528	0.952442261	1.05722692
478	3.227588089	3.075251256	3.109934353	2.940642064	3.06313312	2.844632705	2.560544705	2.421204968	2.132272517	1.839016865	1.550794074	1.603721257	1.436881348	1.450719467	1.41965147	1.418216815	1.441875219	1.486953392	1.417667593	1.462371772	1.539001236	1.489012224	1.472906823	1.460117194	1.41083137	1.281436506	1.207590032	1.057306969	0.959870439	0.900460045	0.905978133
480	3.159793472	3.017145417	3.020392543	2.902701342	2.880587292	2.705245187	2.52318574	2.380186559	2.048026328	1.80768211	1.603309439	1.423790677	1.47151877	1.358144102	1.375758155	1.361395998	1.330756935	1.426816571	1.391399016	1.429218438	1.403431982	1.389902061	1.435917669	1.409489918	1.303211795	1.26632728	1.173128419	1.020526975	0.970461099	0.860814148	0.83576368
482	3.337076528	3.01314155	2.955863925	2.727282915	2.886180174	2.759108201	2.482745829	2.253578104	1.990696809	1.745309213	1.571035747	1.416154102	1.398918957	1.382336159	1.370342129	1.311422689	1.350003106	1.345789647	1.413494468	1.373393699	1.344451011	1.458844511	1.378545322	1.405068731	1.32081728	1.208050638	1.148929535	1.031522658	0.902033773	0.848533113	0.821847926
484	4.763894422	3.025501484	3.007432327	2.842660324	2.830381069	2.690026189	2.392539629	2.163667497	1.895402756	1.722890791	1.562281577	1.450287684	1.378446311	1.336359433	1.264095848	1.263336369	1.33887535	1.293513865	1.288722272	1.28125509	1.316179249	1.349039434	1.329680293	1.315859664	1.284068254	1.21083461	1.132843029	0.998824438	0.901295046	0.817545509	0.777882235
486	12.72622611	3.102897791	2.941301308	2.661345432	2.663993	2.505771341	2.410812407	2.154106627	1.880462487	1.645381487	1.494795317	1.407228209	1.324822817	1.301231815	1.265017126	1.281775628	1.25499042	1.278542431	1.252488337	1.266135109	1.252232353	1.298527968	1.296555673	1.262830196	1.229417797	1.160797883	1.07572744	0.98635642	0.864688415	0.804891526	0.730662321
488	36.82716533	2.938461137	2.759439824	2.623752945	2.728281158	2.56779055	2.337851493	1.983769019	1.879995034	1.653626777	1.428723559	1.318059145	1.212359709	1.209317527	1.177615782	1.172906463	1.258443313	1.228928887	1.146391968	1.209561846	1.207433037	1.27153769	1.232584528	1.256846999	1.226826092	1.140578824	1.042393462	0.951706303	0.855515978	0.774969005	0.727719404
490	79.01823887	2.895149543	2.717877482	2.606296787	2.594650196	2.478359613	2.447758812	2.046248985	1.771178391	1.479528475	1.419466683	1.288390967	1.244429754	1.215392243	1.165001823	1.150116105	1.186341914	1.097022964	1.147194881	1.153189746	1.213777799	1.17899323	1.175419611	1.211839765	1.146045956	1.103857836	0.997523282	0.959027279	0.843421481	0.779607058	0.696938349
492	139.9923238	3.440461129	2.786702283	2.542415336	2.487465152	2.49837476	2.283406212	2.004968745	1.652285307	1.504837299	1.393974958	1.255339356	1.192451685	1.143139052	1.113049478	1.145606945	1.131508901	1.161888358	1.124745177	1.118468539	1.165279482	1.13440804	1.153545173	1.19240143	1.134298198	1.020143964	0.999596824	0.929398679	0.813959478	0.755611015	0.691972453
494	205.3893158	5.72057159	2.688882881	2.614109406	2.548880032	2.471551908	2.134838644	1.989499361	1.725085871	1.464465625	1.437232627	1.235822925	1.12835533	1.10431327	1.029127415	1.021582126	1.073179652	1.075858305	1.066947021	1.049962158	1.111309533	1.119353934	1.121022655	1.116253785	1.102384885	1.055962557	0.948851753	0.8988253	0.814421773	0.746529579	0.678065843
496	263.859753	17.45365725	2.712648186	2.358049195	2.396451899	2.401049849	2.118891522	1.847153656	1.673179534	1.433644796	1.346141112	1.156884562	1.109886803	1.073561631	1.049938302	1.017169358	1.056923029	1.048841537	1.033204438	1.059356663	1.061748907	1.075422664	1.063388735	1.099980525	1.086717322	0.98594817	0.9300633	0.85171691	0.819938517	0.698603758	0.649119692
498	289.892441	46.77123814	2.810843787	2.433065673	2.364213691	2.287334114	2.007353031	1.885056015	1.56940784	1.43784783	1.27019625	1.172565767	1.078772497	0.992545855	0.935442585	1.01349851	1.035071091	1.040571154	1.007830965	1.021380856	1.013878292	1.007624749	1.080781584	1.043577346	1.029052145	0.964397059	0.915293339	0.816471137	0.748474694	0.726267769	0.637784445
500	285.1512895	95.05340139	2.757645517	2.287999833	2.287919804	2.145118588	1.997807415	1.844346935	1.575978692	1.399115402	1.25997814	1.084308168	1.031304066	0.98230001	1.015329472	0.970980012	0.987207477	0.961149263	0.964738417	0.98305998	0.962172854	0.97799057	0.96561991	1.024001573	0.966459132	0.933811316	0.881241484	0.811389737	0.759492854	0.719793402	0.644932642
502	250.3446171	155.1748046	3.033192346	2.422828053	2.358233424	2.075791757	1.943562773	1.702800243	1.473986949	1.310792523	1.196367647	1.101878822	1.009181017	0.96826531	0.924270792	0.927403274	0.926336449	0.946875204	0.938159476	0.975130552	0.923486011	0.921791344	0.95778003	0.97704097	0.948749445	0.890073368	0.841434022	0.785136754	0.726358853	0.689330984	0.64275133
504	198.7355466	222.2162499	6.111188672	2.358951459	2.320872612	2.14276697	1.871723686	1.676026752	1.487157413	1.227665053	1.212902053	1.098033064	1.003411576	0.897155764	0.89422859	0.900493152	0.905196435	0.85787453	0.893545403	0.931056189	0.957317731	0.935126827	0.930409254	0.928321656	0.935393229	0.883553748	0.845270745	0.745060231	0.715357467	0.661087563	0.600952507
506	139.6972012	276.2098839	21.88378986	2.302619896	2.188528084	1.990719723	1.813954333	1.579663451	1.447113992	1.229756354	1.179632688	1.019715176	1.004117068	0.942040993	0.853764678	0.874784989	0.866440088	0.851870967	0.848733332	0.834561311	0.852676247	0.879493454	0.913813856	0.940346063	0.906515901	0.845752641	0.783277406	0.750382526	0.6833523	0.620702047	0.578496591
508	88.49117987	296.4534133	55.64218202	2.471193151	2.076478674	2.105397271	1.77179142	1.492081009	1.435424728	1.243123226	1.077076166	0.976796624	0.917054743	0.89893952	0.887802755	0.817219871	0.840209166	0.846589628	0.827218386	0.805755764	0.849900915	0.848857563	0.866184921	0.845588979	0.837062692	0.8225931	0.774957678	0.69190886	0.669092371	0.625397949	0.573817993
510	52.31124204	286.3104985	107.2075119	2.612871298	2.188274897	1.999102013	1.824918367	1.626771112	1.429313672	1.142624606	1.073020741	0.917995406	0.879174206	0.848703707	0.841819028	0.815942581	0.808187352	0.796359712	0.830989447	0.813365755	0.835606034	0.79479946	0.814353256	0.857559108	0.840317308	0.793330847	0.698897559	0.678036282	0.653577722	0.603251231	0.583152666
512	26.32685814	247.3109691	175.0632097	2.764722832	2.156100001	1.941068174	1.700136561	1.536223844	1.2905907	1.177352005	0.994267753	0.935500946	0.874611575	0.809166581	0.813249943	0.76457719	0.779575212	0.77546714	0.754188373	0.755155766	0.759324675	0.789247721	0.800146893	0.839897148	0.796760522	0.745389486	0.704767291	0.696903984	0.602329397	0.579099427	0.510713751
514	13.41077741	192.3825598	238.4759621	5.882850322	2.071599175	1.978167026	1.677363306	1.54305539	1.277919274	1.145573621	0.986286086	0.904831806	0.849100827	0.828161835	0.781071091	0.779095262	0.760771415	0.734249469	0.732998074	0.744658768	0.733386026	0.735841252	0.784822999	0.785271604	0.74558173	0.732854676	0.693610845	0.662491744	0.626326192	0.566217975	0.525213042
516	6.413796455	136.1857215	283.8678752	20.11908036	2.170911609	1.843112619	1.688807195	1.481599924	1.312078756	1.125186949	0.969311791	0.893273609	0.836004929	0.779307309	0.751483876	0.71547333	0.723727991	0.764712476	0.744198392	0.715858264	0.738416342	0.721716861	0.743905743	0.754191748	0.741294296	0.727179856	0.684799131	0.625707553	0.584814413	0.569147334	0.507724126
518	4.619072136	90.10469353	301.2081955	50.76258153	2.174841465	1.903535547	1.646100449	1.358062721	1.260477726	1.108743376	0.97068119	0.812004655	0.776427391	0.752819582	0.762579797	0.704319327	0.718013961	0.704616996	0.706194792	0.697813538	0.713413299	0.695903899	0.713736961	0.716444511	0.719502291	0.664574985	0.643191842	0.586772229	0.591579516	0.530824744	0.499644626
520	3.840593007	51.95142522	288.7496346	101.6377876	2.319583647	1.760283728	1.497281704	1.451743697	1.213238422	1.059670881	0.886241918	0.85897638	0.792066023	0.729732616	0.728704322	0.725174208	0.679696338	0.657890543	0.669824399	0.677256663	0.653850214	0.688730178	0.720773247	0.721032295	0.704757576	0.69627604	0.629848546	0.577781404	0.539969749	0.540788639	0.482753004
522	3.545612488	27.03199407	249.7281925	162.6492002	2.639590227	1.893086711	1.599193282	1.353882292	1.222887607	1.030498953	0.878327599	0.825938581	0.783046495	0.718053494	0.675721839	0.674491158	0.668530508	0.636282814	0.628483708	0.684324022	0.66238396	0.682559066	0.667933816	0.665430263	0.690009427	0.65240295	0.609459302	0.59067048	0.549881701	0.511761392	0.484929841
524	3.60220386	12.60309276	192.8077357	231.0490502	4.963561972	1.800700703	1.55659419	1.367108407	1.13938779	1.063630532	0.879129325	0.770861159	0.721955304	0.638234714	0.713775662	0.659155643	0.63922522	0.654437014	0.62309597	0.633176627	0.657621563	0.628249523	0.647150764	0.664261822	0.633929956	0.630583022	0.603235378	0.575715476	0.531308105	0.466066513	0.47700511
526	3.374479612	6.243916444	133.9773005	279.9938942	17.54121236	1.856426003	1.529940235	1.275208874	1.143003476	0.943692128	0.775872058	0.797591772	0.732620408	0.668258331	0.612885588	0.609661562	0.606923313	0.605575524	0.613915865	0.587390062	0.581902883	0.597887398	0.642195961	0.615905854	0.588659365	0.580984694	0.593273845	0.547384757	0.4947799	0.47391376	0.429631153
528	3.896234253	4.250825604	85.29786411	298.0992758	49.89474654	1.854559764	1.421825149	1.227620897	1.096302043	0.93954225	0.775321314	0.707270845	0.694290546	0.658145915	0.600853676	0.611955993	0.611914185	0.599435339	0.592363206	0.597202377	0.61164998	0.58356216	0.615453018	0.624391855	0.617676425	0.594121455	0.533868855	0.520783529	0.511115094	0.470977907	0.404955114
530	5.703175772	3.629537925	47.04240639	282.2667472	102.7293946	2.023952727	1.526108116	1.218458304	1.054689301	0.893884662	0.79260046	0.770766138	0.67270862	0.603319654	0.592873513	0.574581859	0.564848134	0.576326868	0.576291072	0.554089802	0.542652561	0.579909052	0.56750085	0.580043551	0.580958315	0.540358404	0.512661347	0.502783542	0.487300225	0.440699302	0.412765745
532	8.407080878	3.21367665	24.18418376	241.7002996	167.0269298	2.231038025	1.627837966	1.224874907	1.05548109	0.882313938	0.816551511	0.709457955	0.628484269	0.607619906	0.603492301	0.587104979	0.588449873	0.540297254	0.561367961	0.545225517	0.554413797	0.547061684	0.560064519	0.556110449	0.571760735	0.536751637	0.517951511	0.461917366	0.457639605	0.438906108	0.407794304
534	13.34337578	3.069198187	10.59314375	181.2172311	237.6282988	3.810508827	1.418158129	1.121213709	0.962844063	0.852170087	0.729140511	0.687123367	0.60357461	0.623049224	0.557190198	0.545252448	0.520183962	0.520474111	0.53812717	0.520936503	0.538616436	0.544812075	0.52483464	0.540515796	0.518343285	0.518738291	0.450257061	0.445482051	0.426545563	0.409492734	0.385615348
536	20.59806581	3.202795289	5.192439125	126.8320197	280.7617826	13.63291413	1.517828402	1.131680103	0.946188019	0.848120345	0.705551021	0.623295357	0.61539376	0.559073106	0.533054638	0.525038513	0.536656344	0.523059363	0.498655665	0.5132231	0.483336627	0.518671886	0.530323675	0.510137597	0.48023114	0.520756874	0.46802178	0.449545622	0.44953375	0.396751917	0.391655034
538	28.80883668	2.999350711	3.777908992	77.06654899	298.5692814	43.32062718	1.553748874	1.162296911	0.967087157	0.862652658	0.718129526	0.618357916	0.59891659	0.568003728	0.514995881	0.5180841	0.497547785	0.498427182	0.494203433	0.482094323	0.491783636	0.492446113	0.481929882	0.508942658	0.497222079	0.453671428	0.478497485	0.418657435	0.407123496	0.388833189	0.356266821
540	36.31169739	3.897226602	3.38970272	43.86118622	282.1454285	87.67463909	1.64539506	1.151366852	0.956075119	0.800535146	0.699823159	0.645332129	0.566420337	0.531217481	0.497606498	0.48951003	0.473233017	0.492435775	0.482443125	0.438147034	0.474316203	0.441836916	0.466249422	0.470945874	0.516074775	0.467451116	0.445436894	0.399191462	0.406084007	0.378153984	0.362034081
542	41.99643217	5.786368607	3.233418374	22.35630131	238.4967609	145.8157001	1.660162204	1.162106239	0.894119779	0.860968151	0.649476553	0.626445039	0.570970173	0.536914458	0.514970698	0.487718045	0.511464188	0.434359417	0.444006964	0.450682358	0.4352721	0.448940441	0.446369765	0.472094576	0.480553906	0.439227151	0.432398863	0.421528206	0.385330351	0.369214838	0.336136468
544	44.18106998	9.697747828	2.97059867	9.42783435	178.842503	212.3560823	3.196772567	1.187243212	0.888006232	0.754674026	0.621481909	0.578884841	0.538653564	0.52797372	0.47289098	0.462092829	0.443377764	0.453166487	0.427020308	0.421726435	0.456535133	0.432932146	0.427479722	0.449755415	0.463610027	0.41373663	0.38796829	0.376735547	0.382552302	0.33560068	0.334322277
546	42.95629543	14.93494042	2.674317927	4.600882875	120.3146804	262.0343544	12.31826008	1.256836849	0.884861803	0.767191452	0.675934159	0.548240137	0.495314133	0.476334924	0.448493314	0.424664584	0.436536556	0.426523385	0.416296528	0.433975731	0.425509693	0.421258581	0.433742949	0.422498065	0.410656926	0.421041268	0.389659585	0.356371335	0.36227364	0.359191993	0.315955929
548	38.88733939	22.49771072	2.589748686	3.308216183	72.02139459	280.9705714	39.44694633	1.205381033	0.892867868	0.72495285	0.626464012	0.575038363	0.532916925	0.47393404	0.434019547	0.440011518	0.413045937	0.425504787	0.40907767	0.417919387	0.384672616	0.399368166	0.42169446	0.386216022	0.428836233	0.37593419	0.357978634	0.357482314	0.336789594	0.325459979	0.324089566
550	32.45291915	29.65197161	2.756449836	3.084106455	39.55447418	268.0862983	83.10085873	1.216272052	0.8601085	0.67894874	0.622779245	0.502525933	0.52005236	0.463930982	0.44697651	0.39788044	0.394623726	0.409368789	0.39047599	0.382306556	0.375267145	0.388410077	0.349695279	0.406866053	0.409732189	0.385350987	0.349189936	0.352206728	0.321441822	0.293078595	0.274163827
552	25.31866905	36.30760679	3.890957663	2.797151894	18.91190013	224.3228269	141.1762433	1.46841511	0.885635334	0.675116893	0.605555051	0.547627202	0.492722867	0.423517235	0.445268136	0.412741579	0.403565651	0.418927203	0.36909399	0.365771557	0.377161115	0.359910277	0.375122898	0.375587733	0.373846537	0.357402909	0.332542512	0.346131468	0.306156585	0.301251637	0.280543182
554	18.29508824	40.17402929	6.320825235	2.58425261	8.330000139	167.9769466	197.332526	2.755705018	0.875063588	0.676573848	0.5397505	0.509172181	0.437955734	0.439374081	0.401871621	0.387933691	0.360224727	0.352544373	0.333275547	0.366543963	0.349031282	0.356857016	0.373173527	0.38036134	0.35355057	0.355088469	0.324278652	0.335353777	0.28658245	0.298771817	0.295262141
556	13.05122309	42.02689921	10.3714142	2.447376572	4.278048523	115.5824176	235.5913179	10.80804005	0.91942254	0.639591572	0.571975192	0.496345159	0.454909685	0.402810736	0.407266053	0.40570307	0.35561134	0.365619787	0.335281767	0.334186294	0.337196646	0.337841688	0.33430403	0.375605522	0.3731191	0.357719904	0.324450996	0.294540729	0.27409216	0.264907366	0.245732025
558	8.074517173	39.55811982	15.84445471	2.233619321	3.227186173	70.98181439	248.6359711	32.98622592	0.907867861	0.654909228	0.556644999	0.454471711	0.417596471	0.387274692	0.385360606	0.356796998	0.337328066	0.341745771	0.342212667	0.334640228	0.308793723	0.339806011	0.333194872	0.355206784	0.336669967	0.312065405	0.306289853	0.284571374	0.276131861	0.265243923	0.259852181
560	5.201192108	34.78055689	22.74143306	2.257394355	2.843859634	40.06119983	233.2386473	68.73201436	1.00439564	0.65327481	0.487971967	0.467736707	0.436479138	0.389718729	0.375484404	0.33715875	0.337831388	0.329607882	0.333017598	0.322019538	0.309460463	0.307838284	0.332551468	0.346036066	0.304814497	0.304536523	0.299256078	0.279965718	0.263032056	0.247643368	0.236826966
562	3.323939855	28.56279986	29.17241205	2.71344929	2.588801881	19.28744427	195.9622031	115.0164067	1.115515531	0.628496359	0.526282958	0.460890031	0.428982537	0.368867812	0.359312348	0.293160613	0.320835932	0.330994056	0.321947404	0.29437603	0.314123735	0.282735645	0.329630048	0.316264518	0.297268239	0.306189772	0.28259047	0.26140576	0.252605134	0.23120605	0.218750858
564	1.961498155	21.8888083	34.3521704	3.749156899	2.391861692	8.619436099	148.6171197	161.5765909	1.84407498	0.643731313	0.526086475	0.453517975	0.411318715	0.375434695	0.382555054	0.323244353	0.321880457	0.267325919	0.281355922	0.30258099	0.298797551	0.3048265	0.301974493	0.294037486	0.280017945	0.276548898	0.282778899	0.264877122	0.232091861	0.219270865	0.200550217
566	1.596085056	16.02975811	36.76696347	5.78171973	2.405911476	4.314146446	103.0425183	193.9257516	6.979760401	0.677580731	0.504133436	0.437512111	0.390610843	0.330349615	0.33230433	0.308329952	0.305257024	0.292142566	0.278465216	0.287194483	0.283187626	0.294635698	0.286664034	0.305463256	0.263881175	0.272315943	0.265007163	0.242069786	0.234383279	0.231561584	0.197844196
568	1.473133962	11.16852195	37.37884695	9.537570923	2.240481204	3.082556425	64.171139	209.0859616	22.64731781	0.676855643	0.575828142	0.412596565	0.393024992	0.338986799	0.336950465	0.327001172	0.281320198	0.266754973	0.280687088	0.283757965	0.252344782	0.284579323	0.266526424	0.257601396	0.272003816	0.242733611	0.266379338	0.232121825	0.234482816	0.223862031	0.202564642
570	1.153208996	7.421836039	35.39432238	14.57722648	2.101969419	2.735184424	35.25002678	199.0539526	50.53518582	0.740304898	0.559874486	0.423830038	0.36507607	0.358567505	0.312212696	0.303794535	0.2755007	0.288187738	0.264259202	0.26061308	0.264587312	0.265350607	0.270708318	0.267643532	0.253321535	0.25500841	0.24898886	0.2298953	0.220775953	0.223575714	0.191495122
572	1.060582582	4.840578081	30.81605527	20.32792852	2.092312757	2.475614172	18.63389604	173.0090655	86.8395463	0.883376577	0.54692784	0.420025748	0.350227943	0.362751011	0.32851322	0.281593381	0.267533393	0.285411189	0.254679227	0.266484445	0.241860738	0.227420565	0.234131655	0.266310973	0.230551568	0.248351839	0.226224818	0.215121213	0.202536446	0.18400345	0.167856001
574	1.178723078	2.979811301	26.03650259	26.02457822	2.391999383	2.415771408	8.510100283	133.4309491	127.5418299	1.220240355	0.464007141	0.404395796	0.37453376	0.332492434	0.283353066	0.268407436	0.256868669	0.257790753	0.2517894	0.239815882	0.234304054	0.228626613	0.243465614	0.226028373	0.229990399	0.239640035	0.222972955	0.216024869	0.197301144	0.176401768	0.178053282
576	1.013288676	2.136574625	19.44528991	29.91287434	3.267508402	2.270462475	4.006422414	92.36143118	158.7637797	4.872993627	0.539001224	0.405417615	0.382242116	0.332764217	0.275225018	0.265941753	0.252932838	0.258215954	0.245247545	0.232664852	0.216709289	0.239841723	0.218767873	0.240792719	0.232330978	0.22015176	0.220628058	0.199037724	0.209049529	0.162219035	0.164347326
578	1.00234652	1.49946075	14.40804086	32.78591332	5.273618421	2.207016301	2.912979543	60.07286566	174.2037927	16.39438155	0.581123534	0.418274239	0.35804288	0.300437757	0.279739587	0.276873583	0.245373975	0.227232148	0.241790471	0.240854893	0.2217732	0.228948084	0.217365906	0.22502766	0.208285019	0.208215464	0.216054645	0.198494087	0.188192445	0.157692532	0.171859136
580	1.114172564	1.307485718	9.814590706	34.11841701	8.14605661	2.046921574	2.488191664	34.70347532	171.5219238	38.50422436	0.586500039	0.39439671	0.332904155	0.317741145	0.266811772	0.277112711	0.235795989	0.246831763	0.219519506	0.217396495	0.231926031	0.208281153	0.215474721	0.211151204	0.211204182	0.191317393	0.191858179	0.186638709	0.169224068	0.156077094	0.177665867
582	0.928476393	1.193589177	6.269435181	31.3760532	12.86417728	1.940190218	2.185259289	17.97373493	151.3440357	68.14792613	0.665566808	0.408482711	0.331173221	0.277920561	0.252830529	0.254980071	0.22646597	0.219342706	0.217783165	0.225731541	0.205140692	0.215974717	0.20247697	0.206413709	0.22844345	0.205906801	0.198375315	0.18033368	0.167857136	0.170736752	0.143654493
584	1.029127832	1.151097455	4.19921021	27.58433509	17.96832133	2.007977764	2.134163873	8.029600143	118.2048221	101.4005423	1.049590664	0.402027218	0.302728437	0.290836356	0.253196213	0.230285321	0.225331948	0.216344477	0.214495477	0.211045784	0.210731177	0.206633088	0.219995483	0.213443274	0.195235598	0.194197858	0.184974884	0.179060452	0.160046686	0.150805097	0.144086813
586	0.864306282	1.052652197	2.644425527	22.45324081	23.05789838	2.278014097	2.134285627	3.833108935	83.27083813	127.7745024	4.097950017	0.453896993	0.342535961	0.26248761	0.25510328	0.255305391	0.22493166	0.207638886	0.217818498	0.173318437	0.177034226	0.181066328	0.19309486	0.209841996	0.206614683	0.203903551	0.166242493	0.179237744	0.162429109	0.163138686	0.1461495
588	0.907843521	0.930909975	1.906923445	17.44573605	26.75473835	2.801079978	1.903057724	2.32291119	51.79045282	141.5162981	14.69919715	0.431840336	0.34458287	0.26234888	0.21457479	0.214854809	0.211479882	0.202464376	0.199610387	0.184976625	0.190702721	0.192349467	0.186914492	0.194591267	0.177795122	0.162493748	0.172237916	0.154439853	0.150272509	0.141792278	0.119990024
590	1.050854061	1.051823826	1.530194471	12.47549509	29.30617429	4.2441363	1.934688577	1.886198562	29.23046092	136.9881478	34.41337843	0.488160435	0.315106828	0.25367337	0.251805232	0.185906962	0.21180584	0.200650063	0.180520957	0.191876303	0.171272194	0.198958601	0.16672025	0.174282618	0.177654518	0.165909211	0.15165466	0.151371554	0.144414012	0.133962904	0.141469924
592	1.021324675	0.991962785	1.3463151	8.587294699	29.83218004	6.963189489	1.868786928	1.923761469	13.64046726	116.3990458	63.1391947	0.549553528	0.290117296	0.267788207	0.219471513	0.192454906	0.203401896	0.193271272	0.172006561	0.174242993	0.186312469	0.179798491	0.184103557	0.164158033	0.180247123	0.162169096	0.149253583	0.142658361	0.149973136	0.124474373	0.119695591
594	0.948661811	0.963221063	1.154942188	5.915773155	28.29959568	10.28459917	1.804558816	1.810518507	6.756626103	92.1860274	88.50650425	0.930126992	0.326206874	0.280390355	0.240414566	0.210341589	0.196506979	0.187668962	0.173261461	0.158716398	0.17164017	0.155406606	0.17145951	0.169098392	0.154895458	0.152281225	0.159451603	0.135744506	0.133057162	0.137538474	0.128490184
596	0.939445031	0.898406826	1.121970072	3.903524229	24.00612735	14.53554549	1.97130847	1.705434685	2.942679968	64.04662631	109.7631403	4.024526544	0.314922768	0.265873352	0.204907426	0.189915813	0.196649874	0.181313053	0.177246755	0.177472491	0.180658633	0.178563886	0.157751526	0.147998102	0.151405325	0.162164855	0.147159208	0.14445854	0.120236408	0.107307291	0.110021823
598	0.967757899	1.048656601	1.13326753	2.609035273	19.81049591	19.29880735	1.953402014	1.713249139	1.805136645	39.80681692	117.9823433	14.11205188	0.345619042	0.256738112	0.185527715	0.184198362	0.203060627	0.164375364	0.16286432	0.153735892	0.147174942	0.162467605	0.14511105	0.162610146	0.136734408	0.149369999	0.147203273	0.112917606	0.122206542	0.111804453	0.103603014
600	0.96373511	1.085229129	1.011665927	1.842621712	15.08979048	22.85116194	2.48344476	1.614761754	1.52991838	22.7903285	112.3609426	30.42383768	0.365013777	0.279287022	0.218185143	0.187537333	0.169312823	0.168921567	0.147011458	0.141536237	0.149273271	0.15072962	0.156635882	0.142927963	0.146762933	0.14082786	0.13355463	0.129031305	0.128738544	0.114511185	0.100791899