Wavelength	250	255	260	265	270	275	280	285	290	295	300	305	310	315	320	325	330	335	340	345	350	355	360	365	370	375	380	385	390	395	400
300	0.696062854	0.589025965	0.774032895	2.131918744	10.89991354	12.11942547	2.271370602	0.99826109	3.191543107	31.27000834	59.7162124	24.87068715	0.539901609	0.120604465	0.085478578	0.066674347	0.056593354	0.051202376	0.049685419	0.033299013	0.04046617	0.032213459	0.032601042	0.030058546	0.046800042	0.032034118	0.027442031	0.023917349	0.02929049	0.019488946	0.020022556
302	0.674198073	0.764280279	0.801596185	1.301527899	7.631896624	14.68087055	4.410780098	1.006815485	1.161341454	14.71984914	56.14668984	44.77118059	4.581290559	0.175910948	0.08247889	0.074015701	0.07108307	0.046505058	0.051160983	0.044697325	0.04164957	0.031805143	0.032212077	0.036553001	0.035325321	0.034723234	0.026057354	0.02580656	0.020871369	0.020719921	0.018266632
304	0.791251359	0.675193188	0.813527598	0.925363103	4.765598496	14.68898305	7.932620518	1.257866046	0.920246794	5.239778436	40.80521347	59.07710619	17.35932135	0.242897544	0.104537809	0.076009313	0.070044487	0.060280429	0.048041226	0.047780823	0.038149187	0.033683117	0.032583339	0.042428058	0.044859017	0.03678	0.033225668	0.031251862	0.028149374	0.022945429	0.017424096
306	0.926515245	0.825930667	0.79102877	1.01978665	2.769418605	12.75227123	11.81596084	2.020318804	0.949782404	1.655286384	22.28800371	61.34462392	38.11533468	1.761477823	0.132253079	0.089094206	0.074082802	0.058350742	0.056263504	0.032603084	0.043411434	0.04179725	0.031093083	0.030778005	0.037856502	0.034416591	0.031926367	0.028274204	0.026124273	0.021623737	0.01985275
308	1.019390138	0.945765694	0.925277223	1.038027848	1.683675348	9.089834595	14.99327044	4.229027641	0.991248172	0.874776816	8.694455348	50.29580392	60.55473796	10.16143544	0.173743962	0.104752924	0.072369748	0.060823551	0.047598219	0.040773051	0.044645458	0.034861187	0.026406425	0.035497026	0.03883273	0.038817007	0.032581906	0.02212616	0.022347658	0.020812853	0.019327817
310	0.848741148	0.9874757	0.912412755	1.106133176	1.423871919	5.634255641	15.54038626	7.654846676	1.11429327	0.810525928	2.787779335	31.45636006	70.85033039	28.7842105	0.603655225	0.120221387	0.076586838	0.067803134	0.06246859	0.048226118	0.050744359	0.039080559	0.02706929	0.037632832	0.040611014	0.027894888	0.032850839	0.029806466	0.024454884	0.021075696	0.019316659
312	0.991510005	1.036271753	1.076767894	1.063979418	1.345180549	3.354299441	13.72682365	11.82058778	1.81784429	0.820901699	1.012128565	14.70455775	65.51448411	51.67446738	5.199612257	0.149736014	0.096489112	0.068136903	0.074270983	0.049734844	0.041205594	0.041892003	0.03991951	0.034382116	0.039246258	0.030627255	0.032916561	0.029437565	0.024942977	0.022122572	0.021904564
314	1.048247659	1.036155814	1.082009079	1.187166797	1.291295922	2.219361622	10.04421946	14.92728562	3.97967523	0.892012568	0.783412883	4.895531758	45.13651565	67.00519892	19.9559084	0.263740013	0.095103211	0.079464381	0.061462437	0.053395388	0.037079048	0.040531144	0.033005922	0.039169972	0.040584097	0.031652393	0.029663531	0.031624699	0.027626051	0.019461372	0.017486597
316	1.013385939	1.099770119	1.174042176	1.188224958	1.315286809	1.602074911	6.023823751	15.89524767	7.702941831	1.079046087	0.704517636	1.414450596	23.20419709	68.03471951	42.86531786	2.599990127	0.126801172	0.09077677	0.073207845	0.05893642	0.044600521	0.048601249	0.034746111	0.034421816	0.040608497	0.037374995	0.034096426	0.028527184	0.026144826	0.019964269	0.01692537
318	1.182917841	1.28793323	1.233660513	1.340893302	1.42540273	1.688358149	3.854919666	14.47405388	11.61399214	1.859709165	0.781216222	0.823849094	9.799093491	54.35843792	61.52084572	12.16579682	0.206673009	0.09186723	0.073802449	0.043530059	0.051193279	0.044066411	0.042143187	0.036959912	0.046950854	0.028514676	0.035731342	0.027269892	0.024925926	0.021031032	0.021934891
320	1.368527466	1.146423477	1.299813927	1.365165192	1.49348235	1.620406756	2.644441199	10.68673339	15.10136572	4.000481846	0.896702669	0.837154775	2.757921696	32.33574365	70.0015733	33.48883853	0.813442323	0.117251401	0.07733612	0.053010944	0.047390198	0.040731679	0.047928361	0.03228611	0.048326408	0.028573118	0.034663808	0.036516706	0.026468557	0.026464101	0.020592125
322	1.469499131	1.478264988	1.479317035	1.564372835	1.633897002	1.749894876	2.117939115	7.037964209	16.13330644	7.42221923	1.065483328	0.733078666	0.919499534	14.26583657	62.40531252	56.57272977	6.669345339	0.163258699	0.087194506	0.073341968	0.053504069	0.051488357	0.044722742	0.03952765	0.046213491	0.038014503	0.03259798	0.025410739	0.028455099	0.018103479	0.019261019
324	1.396536717	1.458081643	1.451517369	1.655226657	1.898782451	1.834552051	1.966849961	4.388529591	14.37288312	11.84457503	1.947853897	0.836188876	0.768334598	4.281101945	41.71076161	71.29794575	24.55548246	0.267819397	0.117520364	0.076521541	0.055730896	0.053942575	0.050596939	0.042393867	0.046920496	0.036029278	0.037665956	0.031584481	0.025561893	0.023013256	0.019572225
326	1.615894922	1.522769547	1.47580665	1.747774488	1.91177265	2.042577598	2.103482834	2.994334446	11.08730151	14.97853481	3.850746765	0.801684778	0.803414915	1.220592837	20.76310936	70.66544508	49.67015133	2.688607075	0.133535354	0.083892657	0.058140335	0.05352128	0.047949049	0.039881446	0.048706918	0.0346846	0.044524127	0.029463202	0.022679561	0.023772094	0.01531386
328	1.543495704	1.70142697	1.752705667	1.818896168	2.061783634	2.044580683	2.186007344	2.323594817	7.554866172	16.16039697	7.301681844	1.009540027	0.752631169	0.828129296	7.653969048	54.23846483	70.74997795	14.06648933	0.191416927	0.092637564	0.068825785	0.052480724	0.049050213	0.038693899	0.05553307	0.043316246	0.036347026	0.034972057	0.027347379	0.027511813	0.015292691
330	1.670430338	1.786565269	1.772326068	1.986019846	1.991847559	2.167404957	2.130848762	2.164817286	4.64541681	14.29992959	11.79529185	1.989492056	0.787958344	0.805158001	2.022673326	29.9443612	78.18672925	39.83356201	0.786966859	0.098748853	0.07819589	0.061121138	0.056784328	0.044583338	0.050121715	0.039218664	0.039280501	0.032494779	0.029283798	0.025356987	0.018245526
332	1.699610646	1.933723886	1.849684989	1.993033612	2.208403359	2.214991229	2.340430405	2.350510131	3.156260063	11.13782135	14.58799438	3.965440456	0.815538603	0.79152474	0.935624076	12.97368953	68.29219915	66.78422095	6.806383533	0.150634353	0.097276408	0.066776989	0.051800593	0.053599246	0.05024101	0.045913557	0.043548207	0.02517524	0.024731844	0.025930118	0.024335824
334	1.884621011	2.015045752	1.943874908	2.183452578	2.336863699	2.454968982	2.458694498	2.354828476	2.52447737	7.378691271	15.99668719	7.492599695	1.120607986	0.806384406	0.814911052	3.827535411	45.2774224	84.4068291	26.18295973	0.289580327	0.110650466	0.073663538	0.057276328	0.0477995	0.054404415	0.039509193	0.041260565	0.033792088	0.028502085	0.020549845	0.018707466
336	2.076187811	2.298928159	2.108588597	2.252728456	2.451658082	2.573237686	2.563067572	2.478795473	2.32857276	4.613454148	14.56939362	11.48015391	1.995576879	0.870869709	0.857564167	1.397384188	22.52923225	82.73758913	51.1960974	2.751534187	0.138091493	0.077115974	0.073831732	0.048099263	0.059942195	0.051604906	0.040231807	0.037687126	0.034660733	0.024838012	0.019563195
338	2.199235907	2.152167419	2.278739686	2.419926797	2.623941278	2.634733141	2.652832269	2.666597845	2.463740183	3.240154897	11.25660521	14.69051378	4.050121515	0.971126299	0.892040979	0.972657307	8.222395672	64.85061975	75.35583789	14.39786784	0.212521014	0.095417004	0.074717663	0.055866713	0.068901404	0.048706692	0.043473513	0.034735084	0.031759741	0.027811019	0.021463293
340	2.399919272	2.419834021	2.272443748	2.565783356	2.713983411	2.873776949	2.903556919	2.607967627	2.450056667	2.563649506	7.663340604	16.1107026	7.555766361	1.219082427	0.958956665	0.890069141	2.442139243	38.03241719	87.5878806	38.97028954	0.884481595	0.115237114	0.074366766	0.063442616	0.063115449	0.042270952	0.051300165	0.04243687	0.03485882	0.024062051	0.023787524
342	2.508558356	2.546175015	2.587173442	2.490034652	2.825625016	2.954961148	2.894640851	2.902250018	2.558889865	2.347890503	4.976263478	14.86112339	11.45985927	2.063918214	1.001654677	0.96536603	1.111838009	17.00551816	77.58813665	65.7914786	6.962387994	0.160233319	0.081785082	0.067207238	0.0833908	0.044922537	0.046129419	0.04174112	0.03573073	0.028071055	0.022970739
344	2.638422247	2.643213756	2.500660747	2.650697169	2.95218142	3.064690067	3.134106406	3.039372321	2.771205727	2.344143629	3.327677645	11.76302838	14.93762247	4.101453527	1.103693577	0.988948955	0.984103549	5.446332456	53.51153934	83.6028498	26.26983409	0.278094577	0.101860014	0.065545117	0.063522764	0.057910692	0.043930715	0.04022645	0.042408842	0.023996885	0.024013013
346	2.907657087	2.706109717	2.955246615	2.785962153	3.055572258	3.19072368	3.265835864	3.211359276	3.008853046	2.433106909	2.619985124	8.272600803	16.36668818	7.232961387	1.396076185	1.045971454	1.02586504	1.784951931	28.80129169	83.90337138	53.63073939	2.358058241	0.129097741	0.088087557	0.076229661	0.064586339	0.0606371	0.039582052	0.034541577	0.025371903	0.02224017
348	3.220499599	2.892850766	2.85492202	2.840067232	3.265710642	3.291249029	3.409712403	3.364208257	2.998897713	2.633033329	2.504501108	5.435148182	15.30361172	11.55942154	2.225685993	1.141980372	1.057052635	1.077642729	11.11132653	67.80740715	78.27060412	13.60954673	0.209045558	0.106521152	0.093588866	0.061919317	0.055701785	0.058953122	0.037462758	0.02644845	0.023555827
350	3.666560087	3.21859286	2.979512748	3.15299873	3.32953359	3.483305925	3.642074859	3.579777655	3.189748584	2.791813575	2.529886158	3.748913921	12.54610407	15.18314496	3.89373404	1.250518949	1.122874293	1.068884861	3.693910828	43.30888709	90.54907113	36.78219141	0.685320982	0.132256524	0.084988422	0.060739889	0.064752625	0.045422341	0.036624049	0.028008349	0.026154197
352	3.993046538	3.368214936	3.228072505	3.265732261	3.656529216	3.713769432	3.873012431	3.759997863	3.426141295	3.009258351	2.656728591	2.800820304	8.927590079	16.86595444	7.117919477	1.577214078	1.243586606	1.108929193	1.32954292	20.20197991	84.37324974	66.67574121	6.810645939	0.179282534	0.109297748	0.062375432	0.057636953	0.053058111	0.039751805	0.031849885	0.025109071
354	4.012934397	3.462387159	3.412165356	3.572178697	3.674779388	3.919315697	3.915878384	3.873414481	3.641406166	3.232717984	2.802175197	2.663685102	6.207872812	16.31998462	10.94901503	2.25393319	1.39098016	1.171611058	1.139793084	7.694893244	63.22169283	86.8515781	24.35913038	0.305206867	0.12979818	0.072371572	0.06546335	0.057985466	0.038350604	0.032945104	0.03045145
356	4.488366011	4.092170029	3.715909388	3.73232242	4.001384465	3.908387536	4.159569682	4.138606507	3.773495296	3.389494713	3.035293267	2.688455653	4.203687686	13.60123427	14.7658973	3.932867515	1.560451812	1.301491246	1.159826003	2.400136513	35.94843861	92.89174755	53.12546351	2.295324655	0.16273198	0.092472636	0.073578512	0.05013088	0.041325697	0.030529142	0.025667344
358	4.937963924	4.353441615	4.010028874	3.949091314	4.115868037	4.485071198	4.417177963	4.383948919	4.059044315	3.657562315	3.081031888	2.742669575	3.333514579	10.24573419	16.9125126	6.71528018	1.745759958	1.392822	1.196285345	1.259376563	15.52148672	80.71086034	80.55754687	13.92406832	0.264616031	0.107925747	0.081738141	0.057588442	0.050013904	0.034021283	0.027691457
360	5.143796175	4.702110928	4.152985743	4.292850191	4.441224707	4.670404836	4.63256592	4.465533394	4.212543531	3.863993591	3.332504336	2.965435361	2.953029013	7.017776843	16.75704517	10.51829665	2.308209428	1.515966099	1.264444821	1.134407202	4.858825345	54.10535755	95.03142498	42.60329615	0.71537177	0.134921865	0.093409983	0.057279828	0.046776744	0.036498707	0.030172723
362	5.380847463	4.948649833	4.727268227	4.416821863	4.45871943	4.910870753	4.817490733	4.763461999	4.488745988	4.017607862	3.472550051	3.199681078	3.065720519	4.934244096	14.79106477	14.41817652	3.633511439	1.691412365	1.377709165	1.178623792	1.649698112	27.15452732	90.87067527	77.04596634	6.926353792	0.192245526	0.110661794	0.065207803	0.049444821	0.038022069	0.033870258
364	5.835493252	5.617856027	4.705855606	4.743369881	5.083954651	4.965718456	4.965844696	4.736818005	4.578038267	4.139767161	3.735124798	3.297740851	3.280724202	3.830552589	11.16569999	17.1172252	6.245163881	1.914628791	1.553816331	1.283352097	1.173134755	9.533445716	67.61314494	102.5636997	30.57474097	0.318474727	0.132723723	0.081863105	0.05430989	0.039211431	0.02667331
366	6.161339717	5.608214336	4.824687817	4.752096846	5.223234722	5.238583775	5.188444218	5.141437601	4.790856419	4.344740765	4.000172894	3.632617164	3.426611086	3.510842567	7.742410317	17.17816782	10.09793655	2.38468159	1.6833401	1.417104961	1.148494998	2.651193666	37.44720976	104.5394997	70.70236508	2.75976259	0.183688476	0.09007738	0.059248587	0.04186619	0.03614724
368	6.71435046	5.486431105	5.091211139	5.150217055	5.329516334	5.523304168	5.406246033	5.457089392	4.947202556	4.538887024	4.134586607	3.856323865	3.589750463	3.574571265	5.485798507	15.1668056	14.11739521	3.466227138	1.79489533	1.509251116	1.251268917	1.214085055	15.15594875	88.69056037	108.6612736	16.42939632	0.264030598	0.10608636	0.064308266	0.045663789	0.035156638
370	6.741378215	6.054454545	5.523254693	5.295778474	5.835885542	5.822598259	5.665458811	5.546112353	5.057720205	4.777814861	4.278171844	3.983773721	3.729238588	3.695968938	4.535196577	11.72207983	16.84699647	5.708945311	1.957276208	1.581614616	1.352352348	1.155944659	4.52540204	55.01885504	127.192382	48.90536715	0.917950852	0.138401114	0.078742567	0.050346255	0.040957822
372	7.486432654	6.089703929	5.644769339	5.620259188	5.792624106	6.062110651	5.889849316	5.60308947	5.227104906	4.844483831	4.485927083	4.202293664	4.048010107	3.816139249	4.022640133	8.385121909	17.42415567	9.238301502	2.408432132	1.734079955	1.398463018	1.183999908	1.527508264	24.60624122	116.7725117	89.78141807	8.879547812	0.193622372	0.090990305	0.051007723	0.037028434
374	7.612675131	6.500919104	6.029647724	6.006619186	5.887796676	6.006148848	5.878628923	5.865140844	5.515722511	5.080503691	4.759941154	4.457400663	4.208509554	4.221677758	4.015634124	6.319860136	15.5555443	13.05633073	3.387638896	1.870703069	1.584263304	1.216107831	1.174897844	8.249277291	84.90499902	115.5355548	33.76842121	0.322543416	0.10603854	0.061270623	0.040058989
376	7.83907582	6.746365912	5.98428184	6.002673586	6.217621755	6.489402291	6.22830141	6.105679282	5.640959946	5.179305522	4.849675994	4.617330708	4.367699773	4.25613143	4.141616111	4.940560373	12.54191865	16.02004277	5.314270014	2.03743392	1.639824337	1.327402409	1.095931915	2.363499788	45.40495578	116.6436193	76.422671	2.796854514	0.141941983	0.070064775	0.049453832
378	8.164461982	7.021625603	6.299550627	6.42838132	6.341967687	6.586294157	6.551943622	6.128899566	5.806659125	5.309307573	4.9945845	4.869481298	4.569510698	4.438947679	4.293346426	4.540625203	9.092063793	17.23900251	8.323068793	2.436119469	1.783904011	1.410155962	1.125794651	1.232407269	16.87760029	91.24675461	118.2049403	17.27454449	0.220529522	0.083933367	0.047117112
380	8.33707262	7.251562339	6.290697362	6.562515991	6.514849304	6.771540826	6.663047701	6.267035707	5.794579926	5.624857435	5.264420986	5.067490344	4.751117696	4.696719982	4.550175894	4.501020537	6.734477275	15.88306661	12.2537618	3.375151323	1.910788143	1.560666668	1.241824965	1.087984277	4.567050682	51.45836983	137.1679915	51.40452918	0.656789156	0.102764321	0.060804202
382	8.564305626	6.962178214	6.870620708	6.633691791	6.675196761	7.035427311	6.784023958	6.357164908	6.002512721	5.491878185	5.26788036	5.256244904	5.067301874	4.854052008	4.802313731	4.587570764	5.379392743	13.00921173	15.47840189	5.052946775	2.072689873	1.700871545	1.308705007	1.135684157	1.473460826	21.71623873	122.582967	91.60282065	7.003870075	0.13854719	0.070057025
384	8.548705375	7.829439238	7.122815783	6.803241411	6.940432785	7.13196165	6.966154082	6.61561915	6.204769937	5.788810506	5.442740334	5.164096411	5.207256351	5.041974415	4.876927598	4.686329953	4.915020965	9.794664312	16.74573819	7.865513669	2.415186304	1.762164271	1.432747176	1.170766012	1.075133201	6.480171336	83.35987201	119.3192457	29.69571024	0.246239316	0.081830713
386	8.659845075	7.95729271	7.201506733	6.933720721	7.205020145	7.301623254	6.890624609	6.804337878	6.288073496	5.87617707	5.675009601	5.450215521	5.322653904	5.231072572	5.115721358	4.90815607	4.791793263	7.213587859	15.69832692	11.65534375	3.217881709	1.927191751	1.549654018	1.248135436	1.012752563	1.676928339	39.81172722	123.5879999	66.93298827	2.34297352	0.10998909
388	9.386138674	7.976323765	7.335525625	7.163940324	7.159266823	7.347021176	7.194475562	6.906269196	6.347216238	5.927606217	5.753243283	5.511012834	5.435916441	5.416721828	5.362794197	5.008625573	4.855540933	5.828556705	13.60937475	14.40826578	4.800781718	2.033261869	1.626961154	1.333164975	1.058582255	1.054971748	14.70524211	100.94528	98.634267	12.82835638	0.183354234
390	9.371965221	8.039620666	7.552320443	7.303338786	7.640018193	7.579717969	7.385735519	7.169024558	6.588470948	6.195266732	5.837575315	5.638879484	5.558884535	5.578157533	5.469511603	5.271855295	4.963708022	5.147256189	10.3096774	16.1012386	7.257233088	2.378465106	1.693556326	1.409859908	1.127623835	0.967566005	3.549878421	60.59986919	116.5387382	37.6318653	0.664543064
392	9.336394118	8.298078087	7.5977752	7.363668037	7.571927478	7.562269521	7.237599583	7.115193529	6.642494676	6.393462127	5.897715229	5.914478849	5.696929769	5.776700817	5.632478585	5.417982939	5.198971029	4.869064294	7.614287677	15.58017519	10.60109636	3.036225044	1.86399316	1.476906563	1.212059322	0.940409082	1.161862338	25.67845714	105.2661175	66.39653032	6.834226563
394	9.833704152	8.345998245	7.671699513	7.693673135	7.788376713	7.988471986	7.48470715	7.243892105	6.694022246	6.254222432	6.07822105	6.118239636	5.956670027	6.030140806	5.714153118	5.517428915	5.226535198	4.937443883	6.009965242	13.60333135	13.61306603	4.18311678	2.067696051	1.642216847	1.326629691	0.98353085	0.95700613	7.484643891	73.16465147	85.97403315	25.72900835
396	9.849734004	8.776806275	8.121824868	7.946757929	7.912679392	7.966101895	7.749476826	7.121045989	6.762800287	6.493274223	6.265965807	6.114486311	6.117508936	6.033104387	5.924402591	5.792131895	5.471130664	4.929117629	5.118948411	10.6268818	15.35895461	6.396128675	2.277476093	1.695653485	1.378312694	1.044733489	0.863574116	1.718870078	36.2448856	88.26727533	53.29824937
398	10.32506206	8.776700514	8.274527964	7.944119266	7.899947987	7.963278832	7.650382347	7.288098136	6.849488059	6.571997299	6.25014292	6.201538099	6.263513147	6.17574266	6.151652754	5.954825669	5.564201677	5.165166434	4.947062145	8.00930687	15.51120775	9.307222046	2.772644758	1.846259551	1.435944277	1.137651494	0.904342345	0.954419864	12.95504197	71.74919741	76.08340544
400	10.27809455	9.276812299	8.436888553	8.307207373	8.166318274	8.159904287	7.942892857	7.50736671	6.948885111	6.599719225	6.456067203	6.41511692	6.443667048	6.327602639	6.174462183	6.014376782	5.76996468	5.196985189	4.787935777	6.146813547	13.95974851	12.19958782	3.819154647	1.961468281	1.521879238	1.185055084	0.933421797	0.854526318	3.637525578	45.80568551	85.02883903
402	10.43517272	9.221610071	8.557959888	8.156986148	8.086008472	8.208570898	8.07476587	7.449336917	7.096181132	6.666542137	6.608396673	6.555245134	6.583394145	6.539315419	6.247952921	6.143393558	5.841713831	5.441285851	4.86793434	5.182467022	11.15477199	14.4374969	5.694838831	2.140335836	1.594474433	1.241928638	0.96077269	0.791759011	1.15319151	21.80942551	78.9082564
404	10.41482197	9.253526017	8.51153082	8.366247778	8.204586812	8.288856136	7.972919515	7.662000239	7.078532925	6.857398915	6.696620164	6.653637835	6.597115606	6.686902948	6.453638273	6.333716006	5.98571457	5.57530751	4.99536129	4.744736098	8.425717194	15.04615144	8.419102121	2.614466684	1.705895218	1.381303549	1.063489906	0.845163586	0.809955188	7.072583938	57.31560327
406	11.03112263	9.56269487	8.781555143	8.690116152	8.53089998	8.169862806	8.097926928	7.501695884	7.294748498	7.04538667	6.664175237	6.657713	6.644355608	6.612075934	6.60670494	6.320878235	5.948535541	5.611247284	5.058483474	4.710415022	6.464151125	13.93027838	11.25088355	3.448235845	1.794377993	1.400765874	1.126956922	0.845586011	0.776873775	1.953350476	32.51301429
408	11.00593341	9.800885449	9.160028063	8.241465909	8.471749902	8.490575965	8.115010599	7.767197893	7.237567362	6.933209103	6.828117018	6.653793798	6.650870968	6.611975144	6.551800771	6.403254604	6.174882842	5.72892231	5.10207267	4.748260305	5.257077684	11.65282169	13.51903872	5.147965062	1.953991373	1.512381631	1.163053545	0.91067157	0.742569149	0.861705744	13.39360097
410	10.77727028	9.778601927	9.162973406	8.706403607	8.309723734	8.502148009	8.032296666	7.643512534	7.32018307	7.099052597	6.834810895	6.952732842	6.738099266	6.808840928	6.798305763	6.46307267	6.183193047	5.779553417	5.22164009	4.710029468	4.753998776	9.04701821	14.45728763	7.263358954	2.238039159	1.539917254	1.236005695	0.922985188	0.729548823	0.689606631	4.40714961
412	10.95265979	9.90369671	9.379943005	8.752443946	8.46020377	8.58146488	8.242261552	7.73663141	7.261619268	7.089021878	6.779639408	6.701883764	6.884476362	6.845733958	6.738558329	6.469479677	6.257091722	5.832529843	5.294361517	4.863273751	4.507030017	6.869306875	13.73944522	10.01905753	2.939338609	1.576841635	1.279163767	0.992646296	0.759675794	0.646910426	1.219498128
414	11.20305083	9.93968363	9.71180486	8.657183162	8.483534255	8.675379832	8.225617011	7.671982687	7.318941094	6.993212647	6.886735671	6.910570775	6.888493585	6.950901976	6.702131488	6.598569786	6.375634356	5.831448803	5.366569598	4.882652704	4.459208468	5.401773712	11.83724334	12.33341404	4.147623225	1.742041613	1.327143006	0.999910265	0.792713345	0.638920921	0.692447529
416	11.45974689	10.2237464	9.039467768	8.729605692	8.472572453	8.586570695	8.041175773	7.567229166	7.19929734	7.034704194	6.832401232	6.837868682	6.973914357	6.865908895	6.673764912	6.591925187	6.258293568	5.916795705	5.320193624	4.910899856	4.483012797	4.64092601	9.407265509	13.70348859	6.18186729	2.019889084	1.37591936	1.083382111	0.855221845	0.632822873	0.630808536
418	11.7244987	9.905958752	9.373923846	9.160361091	8.56470627	8.341008955	8.012325611	7.643147977	7.078599445	6.829831562	6.679636293	6.805269209	6.902797257	6.646980941	6.655274603	6.55720565	6.285657487	5.914856351	5.383708464	4.958789005	4.533280274	4.31190762	7.103447041	13.34119233	8.42534831	2.507936755	1.482280019	1.13127938	0.896965526	0.671370138	0.583468304
420	11.14438015	10.26385593	9.423113653	8.800698725	8.682421906	8.57141968	8.121210683	7.40696093	7.215471001	6.833056173	6.620415682	6.803233299	6.812757462	6.716725259	6.735874278	6.64198277	6.396697505	5.911145503	5.533389562	5.028874059	4.552648615	4.163537808	5.392771166	11.6438871	11.06014372	3.577623783	1.526486241	1.112038232	0.903469965	0.686309529	0.578112863
422	11.09516638	10.18926687	9.391158104	9.016522776	8.35579563	8.418170715	7.975278771	7.407656	6.953600619	6.852036773	6.711732246	6.66303416	6.930786119	6.701590443	6.794731799	6.541395843	6.275745018	5.858077358	5.518472761	5.004226155	4.54669644	4.179148141	4.488421233	9.249466288	12.31860927	5.267698725	1.726169343	1.192244897	0.920831974	0.763044804	0.584806809
424	11.02018183	10.33213611	9.368182507	8.793172709	8.699631108	8.313559985	7.719742025	7.441790842	7.087188657	6.722576723	6.55722872	6.570620259	6.828264599	6.680124324	6.736158471	6.555376853	6.099495219	5.769290397	5.401908414	4.926730041	4.518571104	4.202173522	3.999851734	7.014050592	12.46508077	7.421651084	2.132725289	1.248773014	0.965261777	0.802387991	0.625370012
426	11.31214509	10.10349353	9.645958409	8.885002762	8.534244275	7.95504641	7.803621617	7.313125681	7.027842906	6.682673561	6.451456692	6.582225532	6.582380391	6.617627416	6.526805062	6.441600889	6.118644377	5.815256682	5.491589396	4.950070754	4.599960264	4.19881114	3.871820647	5.243627017	11.06613405	9.600448144	2.877621199	1.324789168	0.994092088	0.819093192	0.660055984
428	11.09373512	9.475873684	9.320254662	8.884082451	8.382164357	8.211515698	7.681896836	7.092611196	6.927015427	6.570522659	6.463794384	6.495519157	6.443863507	6.482584103	6.51015125	6.377808594	5.955581386	5.833167627	5.337673826	4.932306348	4.550911839	4.213708591	3.791005543	4.259688693	8.868293374	11.09997924	4.341668198	1.451344907	1.056729705	0.833199088	0.697801255
430	10.86740128	9.53025771	9.232044283	8.735176766	8.401189676	8.17516225	7.60733889	7.212876464	6.808910918	6.366545826	6.390657703	6.396522692	6.476504479	6.398686243	6.488506852	6.231242352	5.896882181	5.622960861	5.210768026	4.969375108	4.617106353	4.192246613	3.806184127	3.827132761	6.806370127	11.30592342	6.098480167	1.755323222	1.076147634	0.862412141	0.70744018
432	10.91755232	10.01598962	9.332664531	8.565514449	8.228968865	8.033605356	7.482980503	7.029801251	6.687755065	6.245480247	6.307124352	6.111932885	6.386543784	6.247967998	6.215220556	6.106175429	5.957532054	5.545385934	5.129889387	4.876001429	4.52501639	4.185754952	3.828030987	3.599731424	4.868284004	10.21608567	8.107396745	2.369697205	1.139184239	0.91657409	0.724209142
434	10.75333349	9.694107924	9.386955529	8.679839584	8.167965977	7.80946749	7.372243578	6.908406955	6.462761244	6.210001562	6.098483729	6.227673569	6.248944309	6.14887472	6.126934058	5.99443024	5.758909723	5.535722852	5.183361278	4.781011219	4.492893557	4.161702311	3.781579203	3.411296191	4.035684652	8.198374127	9.558952466	3.545202696	1.221326839	0.925432997	0.762172284
436	10.61608879	9.589505194	8.981697382	8.599049147	8.090040208	7.720346796	7.57713739	6.735087846	6.351241748	6.084439482	5.902409424	6.035036852	5.955736727	6.00994835	5.809479137	5.845229943	5.64413296	5.351838358	5.033109924	4.71435965	4.403965589	4.103489329	3.754966729	3.389595543	3.432093375	6.2795794	9.918975047	5.003056109	1.44877954	0.979099786	0.760056065
438	10.45055851	9.24696799	8.965452827	8.518195145	7.969668688	7.575063278	7.406705005	6.768396635	6.191821499	5.865265142	5.809023312	5.957634029	5.787354882	5.808348409	5.803133851	5.658858006	5.486123311	5.31575313	4.944915875	4.782546105	4.367809491	4.117869521	3.739576797	3.449610168	3.133020917	4.541194806	9.13776657	6.711052137	1.856807504	0.969907306	0.814215814
440	9.514437209	9.440521812	8.911030786	8.423198624	7.769699404	7.56951998	7.167013659	6.552866991	6.004013314	5.886095175	5.593045848	5.803802917	5.870810638	5.846131576	5.69277731	5.585828954	5.254066784	5.125075781	4.798713308	4.581477284	4.280967543	3.995643534	3.768822444	3.410556467	3.000820107	3.549758008	7.65328056	8.049261385	2.705659146	1.044843264	0.849343191
442	10.27948044	9.083953742	8.319663925	8.115387932	7.652492349	7.567615684	7.031401529	6.256234938	5.945890018	5.573396638	5.617630425	5.55648405	5.562410489	5.500056616	5.503877927	5.326811309	5.146950117	4.987769953	4.715446931	4.461598489	4.159472555	3.962927627	3.626562015	3.325624497	3.040429472	3.023638922	5.835130897	8.685284231	3.789857575	1.163864409	0.851684486
444	9.736998524	8.941962541	8.590636412	7.620650224	7.545226104	7.253427476	6.906785322	6.239749078	5.652644774	5.594215239	5.343997222	5.362683771	5.370115469	5.382303652	5.218533189	5.244734846	5.013020397	4.841545565	4.509664326	4.322596414	4.200991495	3.902632984	3.655153189	3.348954056	2.954381847	2.702517788	4.223546007	8.308024435	5.262174808	1.48290303	0.875239176
446	9.451530545	8.490131551	8.250535636	7.933524989	7.279051233	7.127403546	6.579163876	6.074003419	5.605489	5.190509384	5.144064291	5.213455391	5.263505612	5.211562238	5.094229594	5.008702304	4.922270334	4.689538232	4.526342511	4.246490473	4.017791309	3.775916657	3.590181428	3.297224375	2.936959027	2.549946883	3.144089292	7.044961531	6.52755242	2.040724	0.931946618
448	8.933840019	8.834811942	8.132837892	7.703355144	7.409827633	6.981585617	6.652256918	5.883694192	5.478334572	5.217295888	5.080941847	4.979032836	5.061320094	5.04664043	4.842688944	4.927966867	4.707358398	4.493423347	4.246729136	4.13752008	3.948878205	3.77143428	3.497812691	3.239900492	2.902972326	2.528676178	2.622730345	5.49212854	7.379379215	2.926247536	1.004182611
450	9.018839986	8.329022882	7.741007744	7.545236299	7.054975835	6.749663162	6.253194886	5.673524821	5.623362478	4.957031293	4.956007806	4.764904515	5.048413864	4.888271019	4.795390712	4.663236776	4.553717158	4.354821514	4.228848311	4.069644714	3.812336664	3.721385535	3.507831034	3.223932329	2.830106987	2.505394318	2.287006049	4.023296459	7.47385824	4.223102682	1.279649416
452	8.676642129	8.299519315	7.53557614	7.361890302	7.223944007	6.723611329	6.242752671	5.704599028	5.04321243	4.937700517	4.669239649	4.768201332	4.745539292	4.635795187	4.569424091	4.590277516	4.425329178	4.216179413	4.063159193	3.910402563	3.784060812	3.563961642	3.446507697	3.147857939	2.851101049	2.469673304	2.197748133	3.014023568	6.575590151	5.36548678	1.691514124
454	8.324801373	7.821930855	7.079462602	7.118088055	6.903198182	6.51015756	6.150752261	5.702889376	5.089346875	4.740920375	4.589460459	4.595798276	4.534653658	4.661749404	4.502148041	4.358746598	4.201380897	4.091297542	3.963253613	3.860074974	3.602784831	3.427070476	3.341319407	3.125419565	2.785889801	2.466141867	2.132040315	2.360992066	5.317048118	6.230685524	2.382288239
456	8.192792732	7.647094848	7.18028795	7.164166168	6.845238259	6.403126319	5.954868094	5.478739028	5.036643141	4.687764679	4.530655058	4.421722614	4.393012546	4.420397714	4.333272125	4.241619342	4.125175847	3.98754359	3.84716986	3.71754361	3.502985331	3.473132458	3.245125658	3.083831649	2.729644689	2.385685132	2.059742782	2.028040533	4.114140882	6.497465114	3.322318183
458	7.995332736	7.282981717	7.138264622	6.960522476	6.649614242	6.30226969	5.755985265	5.218394149	4.863032631	4.520942946	4.354264312	4.311709281	4.312637112	4.346407124	4.210139488	4.104157716	3.923246092	3.821878246	3.644008578	3.590137506	3.465389334	3.359407373	3.176579415	2.982163918	2.663843679	2.343176957	2.096051131	1.872008088	3.079726305	6.260475323	4.361334963
460	7.537075477	7.467681037	6.863952846	6.530986358	6.41009999	6.178675257	5.761116422	5.04630335	4.751035009	4.410462377	4.123361139	4.192918988	4.08467064	4.084811532	3.961334421	3.913742867	3.775916272	3.602269556	3.664066841	3.429241258	3.325851629	3.253648861	3.093870188	2.889889263	2.619323196	2.361790676	2.04997202	1.828862314	2.271496545	5.391054876	5.265913614
462	7.851327576	7.045670914	6.825228183	6.54105868	6.136970337	6.156616171	5.589452555	5.059356805	4.508913436	4.272933196	4.074811446	3.936286097	3.899842704	3.968112958	3.83746119	3.846833375	3.60649618	3.476007793	3.408847565	3.33334441	3.261294702	3.230269493	2.976822948	2.784659166	2.611093096	2.302503599	1.993707487	1.751603024	1.841828785	4.198930838	5.759458138
464	7.663526171	6.952280722	6.563841171	6.404173978	6.13763736	5.98687939	5.464821118	4.921409042	4.562893603	3.996912802	3.915950309	3.903735527	3.714208096	3.760329241	3.738682835	3.685838063	3.561584782	3.412647056	3.316702134	3.152695236	3.128711575	3.056603694	2.905289801	2.750293674	2.553100776	2.245906077	1.995028819	1.764439125	1.666181772	3.156558099	5.711382851
466	7.24861862	6.624258123	6.489962781	6.356393366	6.137112569	5.66330789	5.09640175	4.841144918	4.303303056	3.96929221	3.802470361	3.697871331	3.739305607	3.598954771	3.601343619	3.509793446	3.458367054	3.284546949	3.188977901	3.17263593	2.974741631	2.948717051	2.885200545	2.756253415	2.453989702	2.235126831	1.90512829	1.714372164	1.548895151	2.330807205	5.127350315
468	7.081605622	6.767167762	6.329029028	6.114272885	5.866530044	5.503787823	5.013725956	4.532415489	4.255489779	3.92851091	3.671322024	3.695662285	3.516244676	3.461209812	3.427312024	3.296605733	3.309815402	3.175848096	3.043357498	2.988040397	2.991122505	2.884758758	2.754549178	2.626079994	2.424976564	2.190086413	1.905218156	1.668668466	1.517266328	1.780326557	4.177606761
470	6.923768382	6.820983857	6.019960074	5.915107396	5.708519516	5.632193547	4.942494644	4.384832462	4.178966898	3.776666261	3.479502805	3.517520864	3.451650649	3.38162647	3.295928042	3.237408619	3.119430254	3.013484155	2.980276633	2.880061362	2.902087558	2.835363261	2.742223409	2.617990571	2.431492574	2.081474965	1.873739747	1.664369575	1.510381242	1.498907713	3.147590968
472	6.605116765	6.021554121	5.912258261	5.743623175	5.456233341	5.383392702	4.935894049	4.434402582	3.847670311	3.646681254	3.495177638	3.433448869	3.20307769	3.227567196	3.239335679	3.077392467	3.040417877	2.890068959	2.860142702	2.782465572	2.695352039	2.589754552	2.687454441	2.471051223	2.286392844	2.098522265	1.898373558	1.587900615	1.426555281	1.363491678	2.345458444
474	6.460459704	6.063864654	5.683793784	5.654834237	5.582465441	5.206440815	4.750004716	4.257668099	3.831804182	3.529603887	3.309488954	3.324158298	3.100455145	3.033578856	3.038067177	2.925505892	2.870085443	2.868921283	2.761585122	2.641800487	2.636012291	2.645279277	2.532722154	2.438929306	2.276506419	2.032582551	1.837433684	1.599917832	1.403935202	1.322683011	1.675694004
476	6.137139354	5.901108903	5.70201856	5.537930287	5.456075302	5.019734098	4.63817832	4.19285413	3.779454769	3.379468859	3.35298812	3.071129198	3.025393895	3.008891475	2.969649558	2.861529993	2.771429769	2.667605436	2.668754065	2.598735981	2.568983538	2.484796663	2.423595822	2.384445745	2.24718058	1.960480686	1.805330408	1.565156528	1.401366506	1.254112938	1.382321376
478	6.166975063	5.757678153	5.492010431	5.2911787	5.306792403	4.857777925	4.486668897	4.102503996	3.704720501	3.248590567	3.053216378	2.950894584	2.822910985	2.910678062	2.686916288	2.748737503	2.724258624	2.638537823	2.507302343	2.54992613	2.422657175	2.409174307	2.353719716	2.291549808	2.158771999	2.007095764	1.742392624	1.557840113	1.337760437	1.253024849	1.203221289
480	6.128992055	5.568830061	5.426749434	5.205137169	4.980518008	4.762541309	4.400485471	3.933193189	3.483468091	3.220699423	3.019095911	3.037904119	2.800692626	2.684761693	2.778518678	2.607253308	2.593586919	2.484700049	2.419519474	2.32222702	2.424972173	2.279433773	2.348521191	2.279857962	2.049990129	1.904273537	1.720359205	1.562131008	1.333639774	1.209788847	1.137981016
482	5.966168437	5.485143436	5.347606065	5.158220125	4.864546023	4.620128925	4.13388432	3.747905233	3.365222471	3.078792354	2.871940369	2.787305076	2.662334995	2.54797423	2.557956302	2.490175584	2.43893854	2.368747342	2.339699636	2.305467463	2.261366085	2.242126371	2.199558091	2.183753296	2.052646635	1.833280476	1.696039807	1.461574584	1.340539906	1.168415818	1.098752706
484	7.086592341	5.260109731	5.004141612	4.781173114	4.624695693	4.443581957	4.192633891	3.658035794	3.373362634	3.00513753	2.761634293	2.720753269	2.574012959	2.487335865	2.487102939	2.370093369	2.278383957	2.224453942	2.261254214	2.168877707	2.119896142	2.14183188	2.179487127	2.154316496	1.986399832	1.770218	1.619462889	1.443036094	1.31150856	1.16817688	1.075928231
486	14.86243193	5.272650164	4.971161628	4.881850815	4.609617796	4.348180002	4.007864157	3.66950922	3.216959305	2.919445754	2.717418666	2.567989119	2.518327191	2.495478792	2.345613578	2.300193682	2.236498609	2.180890001	2.143185086	2.10019257	2.126828075	2.100331943	2.066855652	2.070322184	1.833451613	1.77117253	1.577532489	1.392023607	1.260448973	1.106376515	1.063802277
488	36.8629588	5.262483754	4.897845519	4.68626673	4.529418701	4.378896152	3.970506139	3.447103363	3.044334624	2.888735211	2.702599774	2.512430087	2.423942108	2.286196857	2.306183114	2.178716365	2.14116203	2.036964658	2.047978269	2.074755926	2.000353875	1.977031056	1.96663183	2.017223956	1.786117307	1.674550221	1.559033704	1.376365406	1.243401777	1.121441214	1.024337633
490	78.62409553	5.091214409	4.619756153	4.596957419	4.374533317	4.075950415	3.891155357	3.384937378	3.010330361	2.641126831	2.584328602	2.45799447	2.245515763	2.243304468	2.134105066	2.095710919	2.040622534	1.936349139	1.970392559	1.959620671	1.931377124	1.872668967	1.854210624	1.92643406	1.784017163	1.648359742	1.507010655	1.360882189	1.203408744	1.07151366	0.99474446
492	140.0956175	5.210423853	4.709606827	4.476723096	4.248949992	4.072054403	3.788537951	3.2623668	2.849227233	2.653062945	2.385190795	2.363978028	2.263227122	2.147702819	2.026781105	1.968374298	2.006182198	1.890989128	1.836807285	1.890283383	1.806592529	1.852371384	1.863482305	1.807161407	1.711301072	1.602340996	1.477565851	1.305462127	1.163619868	1.033841205	0.936938996
494	209.1329769	7.493375435	4.680997583	4.308341646	4.114393903	3.888650974	3.553681895	3.122559399	2.719220157	2.570645452	2.357232718	2.178043549	2.17525388	2.001386845	2.079294578	1.932865682	1.881792135	1.812839299	1.827999023	1.842672536	1.745607526	1.782152141	1.711677356	1.721066997	1.703313615	1.543348377	1.384603992	1.271074675	1.173203674	0.990802031	0.958968177
496	266.5217487	20.06262913	4.349856501	4.112390066	4.149074286	3.801799311	3.44137644	3.060646862	2.710239287	2.321586861	2.203772203	2.126604437	2.013509492	1.975029004	1.87177053	1.871989959	1.755071449	1.751219231	1.730193737	1.720171189	1.664991774	1.66034699	1.695809248	1.696609685	1.595200179	1.453192773	1.360187867	1.258658715	1.093808839	0.971862119	0.922967717
498	298.2041808	50.54382261	4.187431175	3.743814029	3.976283606	3.751210244	3.235343712	3.095356894	2.522752859	2.237527124	2.071798944	2.145639558	1.932085587	1.849643074	1.793022205	1.773618489	1.675138397	1.629361916	1.619188999	1.678046922	1.642647684	1.624693577	1.599078773	1.600129305	1.520224657	1.409314192	1.295295887	1.176980183	1.080757599	0.974730427	0.883844664
500	296.0595991	100.0097582	4.378948874	3.942168141	3.778497904	3.543880581	3.233858824	2.845637606	2.616402249	2.300424119	2.061046141	1.943187975	1.849465366	1.76237579	1.742008155	1.696275429	1.694229142	1.580713438	1.545747006	1.587279083	1.588960478	1.532385193	1.521671673	1.572482078	1.528809092	1.363036717	1.286402437	1.190153322	1.042004851	0.960097479	0.874041982
502	263.1313622	164.7007107	4.414656487	3.70790059	3.487810602	3.453350454	3.287988519	2.864200815	2.41930465	2.186129513	1.995079839	1.911005619	1.781688071	1.719040534	1.7202979	1.606935874	1.599345601	1.535243666	1.521347866	1.475055142	1.489464404	1.487743023	1.466823533	1.466153972	1.371737977	1.349843333	1.244101154	1.126284735	0.977977183	0.924807273	0.889463938
504	207.1038121	233.2473816	8.007073727	4.013390785	3.510016552	3.263939519	3.138063828	2.760511286	2.354926766	2.085656751	1.894569221	1.801672271	1.76101808	1.655239967	1.642964606	1.553162562	1.516343403	1.496656159	1.483466883	1.422366526	1.421280005	1.436342508	1.484062036	1.435591232	1.37185623	1.29878148	1.186504149	1.057768957	0.94949485	0.895672813	0.870218891
506	147.7172567	284.0460109	23.07863321	3.614079484	3.388406372	3.354271979	3.057938019	2.628054286	2.219789698	2.069541658	1.803430191	1.751131281	1.632122483	1.561852253	1.563064913	1.453349776	1.441277504	1.372030855	1.363453129	1.36128833	1.351439029	1.343376303	1.379445661	1.378376991	1.342817942	1.252871532	1.135579596	1.099049279	0.947757855	0.86964825	0.7692994
508	97.09745546	305.5545798	56.57756258	3.725344206	3.224795714	3.258509025	2.815627819	2.546459829	2.304598301	1.935731382	1.816153332	1.716718827	1.634328921	1.49132543	1.479253118	1.431727106	1.408033831	1.390756251	1.316418227	1.287180393	1.3613527	1.359980576	1.326102866	1.346542194	1.243705591	1.216324167	1.098933593	0.989641563	0.943712174	0.829713663	0.778461823
510	58.38252548	294.1481	106.8363257	3.773235604	3.38930788	3.146463502	2.818467397	2.507231194	2.174266059	1.901647972	1.729304173	1.664366188	1.496142734	1.429276963	1.419115873	1.329553552	1.288227952	1.281171405	1.253544443	1.271368759	1.251869639	1.286043877	1.274857586	1.252244106	1.273969756	1.163470524	1.053232563	0.974395134	0.913121291	0.858664811	0.749095832
512	30.22057654	253.0963856	173.4539657	3.942726636	3.233850014	2.999492671	2.73348824	2.341776674	2.07816091	1.891587588	1.783025017	1.600074805	1.491712675	1.414500484	1.344011445	1.327259441	1.295853943	1.262376778	1.229824236	1.165329355	1.213157786	1.249656039	1.191715227	1.211694823	1.149697571	1.133120021	1.04031852	0.956478566	0.868924257	0.802430739	0.75255978
514	15.0000692	195.8637316	237.8222296	7.248206509	3.201372072	2.930128828	2.534516272	2.288644703	2.014116893	1.840315631	1.65391591	1.512184128	1.438059587	1.378027247	1.337672461	1.238533658	1.241985424	1.21743506	1.192995843	1.215809754	1.156671364	1.174507338	1.138079024	1.20468951	1.124629339	1.089910387	1.0079382	0.92238413	0.842463368	0.771144072	0.73666872
516	7.905854989	139.6739892	287.1538893	22.18318165	3.068570721	2.746820948	2.55706999	2.259696225	1.894823814	1.681375418	1.572138723	1.469446789	1.413007904	1.303284127	1.227951338	1.176872824	1.197744274	1.165546145	1.1384976	1.116736986	1.144081374	1.136829995	1.145104952	1.211297257	1.079711477	1.065283271	0.962058191	0.880816045	0.816270592	0.767624763	0.694117062
518	5.775800526	91.06473416	304.8163365	54.79138196	3.090861208	2.797548785	2.437917426	2.221224061	1.938617976	1.664010759	1.506159175	1.432475713	1.358848973	1.251603049	1.18030291	1.165586234	1.175044973	1.144851778	1.067051234	1.045283666	1.083330569	1.12570179	1.090174553	1.113425447	1.072830826	1.002138879	0.936967939	0.860159489	0.786726836	0.744883483	0.718245717
520	5.235344004	53.44004663	290.5441684	106.3034261	3.270820546	2.710548181	2.407827918	2.062486503	1.888333515	1.585963867	1.473992697	1.42018653	1.250669709	1.197784259	1.16930949	1.099201007	1.080804096	1.059118378	1.056201165	1.035881134	1.026297805	1.038486627	1.020969507	1.070807072	1.017400557	0.987848465	0.879450934	0.81766964	0.766848176	0.703463146	0.671912554
522	4.740317454	28.85529379	251.7691788	169.8954668	3.426086872	2.611454983	2.385881965	1.996611023	1.89604185	1.568020162	1.452854887	1.283589725	1.282474278	1.223168038	1.124161005	1.045308296	1.003624328	1.014672324	1.028483042	0.989507947	0.991879116	1.037026834	0.960615961	1.018361026	0.985968856	0.943046687	0.91119694	0.805871657	0.733058991	0.695072648	0.641619238
524	4.515264697	13.49940167	194.4809288	236.4809241	5.729601082	2.60487806	2.290342294	2.02451837	1.736867419	1.551996543	1.404323148	1.264009034	1.222492869	1.139907577	1.113312498	1.020540038	0.986744443	0.960753217	0.956000576	0.977787616	0.953792607	0.946388109	0.964559699	0.983977866	0.949438539	0.913215485	0.812140249	0.76950644	0.695125547	0.648415632	0.605336571
526	4.292301994	6.838417685	136.8193898	289.2785606	17.56484948	2.483382481	2.163969725	2.062117924	1.780527322	1.44999404	1.322820582	1.14705253	1.173994535	1.077676854	1.060477288	0.981236477	0.976994571	0.945820479	0.968488529	0.879952586	0.923271244	0.904100521	0.921231127	0.935236536	0.89789988	0.906232483	0.789195716	0.732856875	0.709351775	0.655850035	0.596825289
528	4.67355723	5.024083416	88.63360475	307.3968252	47.94015174	2.669775225	2.122843258	1.904070112	1.695063492	1.468045115	1.235937258	1.167905769	1.140467447	1.068922376	0.977682665	0.924538851	0.914273685	0.881654313	0.931400299	0.878699864	0.906135132	0.935285624	0.883582161	0.893176373	0.864823548	0.825248237	0.78336581	0.749245126	0.663469895	0.620173104	0.576983859
530	5.9114082	4.536673812	49.57538825	292.5692804	100.633712	2.628855796	2.158921886	1.819952635	1.627269353	1.364440263	1.238346435	1.155641488	1.112435909	1.025249418	0.973825226	0.928028175	0.888153438	0.84842257	0.879852778	0.843194291	0.837344462	0.858710258	0.86475309	0.857657845	0.843134468	0.783399509	0.742562274	0.729310618	0.618242219	0.630652469	0.584431167
532	9.315792506	4.343158882	25.1971496	250.9230448	163.2841943	2.84275988	2.189218831	1.759701066	1.596442886	1.379596405	1.191081776	1.115855707	1.038099592	0.991203012	0.915341264	0.89852113	0.8398907	0.813499005	0.826030544	0.835940223	0.833217721	0.790410187	0.821955078	0.854462288	0.80458482	0.77176655	0.733764192	0.66949271	0.631739841	0.59839932	0.582063984
534	14.21964709	3.993786429	11.73403146	189.3576008	233.8778208	4.305590514	2.145127793	1.801053181	1.494509086	1.312743405	1.160463806	1.079341457	1.050265645	0.920399975	0.861554267	0.820308835	0.825921254	0.823725953	0.797633609	0.793965291	0.7890296	0.774441973	0.804029165	0.79109961	0.785666518	0.726685289	0.702059768	0.640844231	0.605568132	0.576211796	0.538546259
536	20.81516673	3.517405356	6.098147559	131.8017195	280.762151	13.87110031	2.131628184	1.746633235	1.481704587	1.250581627	1.142696721	1.081593643	0.946880609	0.939664065	0.870959721	0.820429038	0.750132412	0.774748993	0.754370891	0.778087262	0.739493216	0.731633022	0.750964003	0.749007492	0.750748931	0.724278375	0.646734676	0.626640388	0.586454732	0.542747097	0.528794461
538	28.41019294	3.788910945	4.516121966	81.48403988	297.4826231	44.3953164	2.074154213	1.739623127	1.445550913	1.285701817	1.084508661	0.997525852	0.902137564	0.891436675	0.827399669	0.869537749	0.756484904	0.723341789	0.728172558	0.71940182	0.705627881	0.73369625	0.710658142	0.762242982	0.752488407	0.708673972	0.685456193	0.620294741	0.570492883	0.566753006	0.491194465
540	36.68276164	4.679384086	4.106824844	47.3860035	281.805655	89.7465801	2.24842739	1.781372549	1.43574239	1.18650397	1.146064289	1.013480207	0.92499703	0.858249395	0.797075751	0.771368788	0.742407469	0.76620188	0.746995662	0.697164466	0.728139982	0.721282709	0.744270258	0.73073221	0.713601542	0.669157311	0.655213145	0.584569654	0.569949612	0.531390233	0.49094849
542	42.44867251	6.42088734	3.808647665	24.6331506	241.0384072	150.9193648	2.380653112	1.75334081	1.445896758	1.219468099	1.08140832	1.000569377	0.941041299	0.863518328	0.839038461	0.752298794	0.747809205	0.704937871	0.722377621	0.676234266	0.718111865	0.693796221	0.715323538	0.744070847	0.687279009	0.67662526	0.650458067	0.589198896	0.54572194	0.537246576	0.49955823
544	44.81662908	10.39158348	4.020608189	10.98136526	179.7440195	214.6469113	3.446553103	1.734212918	1.454193328	1.204908838	1.112290732	1.02382587	0.884007726	0.845051755	0.835499986	0.762117244	0.756773813	0.729276578	0.71718389	0.666108968	0.657909526	0.676342777	0.664257894	0.711443473	0.694816727	0.662457004	0.624648847	0.57881255	0.512891708	0.499079472	0.461157674
546	44.32401698	15.58316589	3.424879458	5.537640984	124.0908202	262.0540191	11.10133282	1.806489469	1.40188592	1.242036569	1.060803446	0.945804158	0.868509936	0.849797196	0.769009246	0.712609053	0.710666381	0.673263314	0.67981785	0.671793607	0.675513548	0.643547786	0.659928339	0.659290522	0.659028933	0.656158683	0.573110363	0.554348121	0.500174352	0.485354718	0.468585444
548	40.2458039	22.74645741	3.380620505	4.119975904	74.32070054	281.8320502	36.24189291	1.73322925	1.358914859	1.107307997	1.012081948	0.934986358	0.839653901	0.787144412	0.739081677	0.679407114	0.639184549	0.647763245	0.651728661	0.592806298	0.625500201	0.611895456	0.614637074	0.661149428	0.619234614	0.6077054	0.542286543	0.526658772	0.509198394	0.463219176	0.429977968
550	33.66120536	30.08581692	3.410430375	3.841740695	41.11079833	266.4769109	75.493715	1.706042329	1.319781573	1.072530636	0.938451298	0.873265272	0.806526858	0.736266521	0.689779152	0.684940877	0.591875922	0.623308463	0.612493011	0.581119979	0.56452065	0.56810774	0.561372494	0.6346113	0.566111855	0.542643148	0.55741346	0.50551546	0.436859517	0.419892872	0.421645154
552	26.16119488	36.40510905	4.451979667	3.388899385	19.56536226	224.8930502	132.2551953	1.899231916	1.259598797	1.020806287	0.880588044	0.823301489	0.757890635	0.709115678	0.656102159	0.597033468	0.612619925	0.57959447	0.56426181	0.5432941	0.544656895	0.570128221	0.567635326	0.590972916	0.572535537	0.541293455	0.526223826	0.481499856	0.415511656	0.428290779	0.396063886
554	19.50273792	40.68803234	6.826904881	3.095183954	8.658843447	169.2036813	191.8853733	2.671584405	1.200090142	0.947075227	0.880323268	0.76117437	0.740321339	0.681331207	0.619156707	0.592386682	0.566918794	0.532730798	0.519589799	0.524138815	0.530531124	0.526455442	0.525796482	0.550987607	0.520109006	0.498616162	0.494247351	0.445214236	0.413188848	0.400526294	0.364405897
556	13.3919619	41.581571	10.70595005	2.98166849	4.838447981	115.6485829	232.1536952	9.530983937	1.236721593	0.932767277	0.862500842	0.736394713	0.699626518	0.605270016	0.554958252	0.521696871	0.531595726	0.520080331	0.496258132	0.541091206	0.495242991	0.515232143	0.502119213	0.497170175	0.502865409	0.486639244	0.446409456	0.440489722	0.39431466	0.356795562	0.354085744
558	9.357460851	38.61359505	16.56681727	2.959851029	3.86355386	72.10377086	247.0133049	30.43523743	1.306022435	0.991896283	0.771201664	0.730851295	0.707304544	0.615835545	0.597709659	0.542608908	0.512584496	0.516445077	0.529090668	0.505013381	0.476377021	0.4655061	0.48423403	0.503275254	0.489165484	0.472322661	0.461234414	0.382347765	0.360383127	0.357510354	0.334341605
560	6.315593953	33.54521804	22.26700504	2.937946621	3.393104882	40.27190748	237.2802091	64.9568688	1.299687965	0.909922866	0.77981802	0.722232737	0.634642498	0.591273077	0.576369871	0.519927372	0.455325214	0.46824391	0.495820419	0.444316417	0.465991753	0.467606177	0.449505537	0.469215135	0.4315895	0.440306222	0.42400131	0.361877674	0.369523109	0.337330597	0.305573147
562	3.757125322	28.54869267	29.22991744	3.256151993	3.116756825	20.50036068	202.4012559	112.2698574	1.338975773	0.870496151	0.756976712	0.708731887	0.658501477	0.584211163	0.529041124	0.509102315	0.463463666	0.454568318	0.481145968	0.45818729	0.426836782	0.445952036	0.447609616	0.460831804	0.437144745	0.431626688	0.388658787	0.372743889	0.344631342	0.33331036	0.311748672
564	2.653691095	22.05664913	34.03189127	4.346936301	3.109017763	9.723556537	154.4509671	160.6903946	1.926433116	0.926859676	0.776552654	0.693505661	0.613154809	0.552361595	0.509013277	0.486342391	0.416193781	0.450179724	0.418618605	0.453615632	0.433571634	0.394299391	0.419333779	0.465030341	0.426528339	0.39458147	0.383911061	0.380232791	0.343255974	0.307573864	0.310918744
566	2.104846737	16.18991414	37.70594959	6.452237677	2.953030962	4.90545428	109.3261925	199.0495545	6.496903346	0.929382783	0.710928406	0.601399	0.539013052	0.520818994	0.483144848	0.45797341	0.467525159	0.438550485	0.426778047	0.405904984	0.406024381	0.393786839	0.413049229	0.413622587	0.455025321	0.407243612	0.380310276	0.371759349	0.323344632	0.311960105	0.267248624
568	1.984745205	11.51803413	37.93962727	9.948489667	2.819505156	3.560288935	69.62494029	216.7531748	21.82893598	0.950547706	0.727185233	0.606939581	0.563811849	0.48417404	0.466910833	0.470285793	0.472998342	0.412175339	0.386555623	0.389919295	0.359108136	0.396224047	0.392711085	0.415136491	0.392374705	0.392227219	0.353474754	0.346456096	0.319795656	0.276001714	0.273769163
570	1.663968333	7.803646645	35.03572711	15.23100912	2.633609153	3.249103122	39.75193331	210.2724825	49.8032525	0.981751029	0.692634786	0.592620944	0.528366755	0.484834411	0.458648901	0.446809554	0.415440998	0.407834952	0.374259726	0.374889532	0.377755712	0.389874256	0.372934821	0.395945524	0.373174851	0.38346461	0.344809356	0.318710806	0.286619567	0.291816336	0.27220323
572	1.585213715	5.034881579	31.1836549	20.68148481	2.680766261	2.986426126	20.61912431	185.2821691	85.08466461	0.999285511	0.712431584	0.641678545	0.547178748	0.497845399	0.447677078	0.405035361	0.402876726	0.378307755	0.381153339	0.373027357	0.347652134	0.336035746	0.352738622	0.370998888	0.359982247	0.363112719	0.338709757	0.306231145	0.276903007	0.262316958	0.261405328
574	1.554202928	3.517008982	25.32321158	25.75451576	2.957312445	2.95923748	9.959166184	145.9394336	126.0416565	1.415221751	0.705679855	0.576035123	0.540129151	0.462385934	0.404471055	0.408815214	0.358933327	0.386516185	0.369255544	0.372852547	0.349120438	0.314007279	0.325374892	0.371135471	0.353001332	0.348488828	0.322937135	0.291309202	0.27098739	0.273628051	0.255581089
576	1.589786809	2.586631856	19.94079664	30.643772	3.851840061	2.851014084	4.758019481	102.4429255	159.9109662	4.650894323	0.669043616	0.631981992	0.485775143	0.46374785	0.440842578	0.376623885	0.365630431	0.325703668	0.343721978	0.317324938	0.337612053	0.317561919	0.351517942	0.36315705	0.329239342	0.311741827	0.281767067	0.278027006	0.264679955	0.233496452	0.231706484
578	1.436284831	1.91622149	14.79510615	33.38636326	5.505440826	2.686371441	3.25198831	67.18152085	178.5398078	15.59905523	0.670023235	0.588745544	0.489852054	0.459015176	0.415056977	0.388608481	0.362332468	0.322994749	0.335746428	0.315199314	0.330841129	0.311484572	0.318256718	0.344894297	0.334195079	0.299659244	0.290651782	0.277949696	0.237009901	0.231828871	0.218630115
580	1.340020818	1.766468474	10.43024603	33.76200787	8.873750964	2.675777791	2.930347137	39.22946868	177.8435457	38.25255396	0.804733722	0.550774462	0.477770778	0.430814851	0.368066703	0.37245305	0.312903495	0.348577886	0.327888149	0.316633992	0.301481198	0.299439327	0.308076323	0.299749361	0.323673528	0.295266514	0.273173336	0.277061211	0.247253198	0.232251809	0.216062686
582	1.450252453	1.693474386	7.202112953	32.04040097	12.69040876	2.546862305	2.661592694	20.40301316	156.5774953	69.64476751	0.814757946	0.585122295	0.457964179	0.422782605	0.382770213	0.354343557	0.333215835	0.31419179	0.306827296	0.281905344	0.312194646	0.294156289	0.294805112	0.291005011	0.317379307	0.296920517	0.271059787	0.268528369	0.23019813	0.214817742	0.211934573
584	1.575371842	1.517641453	4.621887417	27.80619752	17.75250624	2.535527275	2.694439517	9.595841606	124.3712568	103.9148156	1.197530942	0.558743327	0.469505407	0.399271962	0.388457804	0.355601252	0.311013262	0.321426526	0.3011163	0.291391076	0.299049898	0.292707726	0.304419775	0.30374349	0.289721668	0.292632353	0.269217252	0.263728977	0.231288487	0.190086556	0.204049187
586	1.432252767	1.606004001	3.305285977	23.32731349	22.96038593	2.746587073	2.501908932	4.527148808	89.34922934	131.7581823	4.118523401	0.585781376	0.472583846	0.386968941	0.345614241	0.332309935	0.323789447	0.31585329	0.289328162	0.282312881	0.269394111	0.301238391	0.292034433	0.278125711	0.26710014	0.268967558	0.258375641	0.243407011	0.236448983	0.205619137	0.193497687
588	1.529770556	1.437514108	2.284559026	17.77469931	26.75517863	3.452657641	2.403730627	2.662096959	57.45209722	144.7346396	14.87333206	0.645904613	0.436577311	0.361724871	0.346622852	0.295479282	0.29889584	0.29899221	0.270584236	0.259927702	0.271919681	0.274039772	0.271257382	0.281829119	0.264018316	0.27607508	0.253671581	0.236651233	0.203663389	0.211065428	0.184813727
590	1.439254504	1.511123547	1.944936265	13.15504224	29.55295161	4.627503853	2.35056243	2.362457818	33.80861955	142.3918076	34.20038093	0.58073233	0.440423566	0.396665963	0.329688249	0.281926016	0.311887945	0.276748234	0.265456427	0.270979449	0.263340823	0.256397843	0.241413507	0.265555446	0.237074474	0.238006527	0.226712874	0.224563291	0.198965688	0.191887848	0.177531657
592	1.432677861	1.567671827	1.656964749	9.132849188	29.86856008	7.275845096	2.327167744	2.247805561	16.27724127	123.2618875	62.83370902	0.717835913	0.427356647	0.336931873	0.337369757	0.298507593	0.289595457	0.267102708	0.235057164	0.256048819	0.228879594	0.247016581	0.247374414	0.242141257	0.236763551	0.229179891	0.23719294	0.211385835	0.201744928	0.179413336	0.161512935
594	1.583699661	1.409524112	1.648284143	6.417221171	28.20781388	10.64380804	2.200040229	2.071727749	7.642231221	97.66347588	89.44506408	0.886553433	0.432769336	0.359715585	0.282698514	0.299610656	0.28950209	0.258138771	0.240008044	0.251444481	0.23391774	0.234471637	0.227866467	0.253699441	0.231765545	0.238792266	0.224358163	0.186470539	0.198513155	0.179996202	0.170379031
596	1.452187346	1.406451814	1.519693283	4.157875606	24.81031989	14.6403422	2.241479616	1.990707965	3.54394058	67.53692006	111.6648614	3.563071536	0.489589232	0.331568766	0.32367578	0.278998373	0.263774232	0.23926339	0.250048083	0.241010535	0.241383969	0.216181606	0.221659972	0.240940836	0.219934283	0.208178455	0.209887125	0.194080338	0.179096839	0.168744716	0.165191296
598	1.49902393	1.408384341	1.525975629	2.928292464	20.15188287	19.24279746	2.412318306	1.962920195	2.171418351	42.00964797	122.0835124	13.22004508	0.428974573	0.338515055	0.306217341	0.274931218	0.269815122	0.24486945	0.234870525	0.223293509	0.201286242	0.18757554	0.204747702	0.234376709	0.21665468	0.202401952	0.180562762	0.172090054	0.166305626	0.157517211	0.147015009
600	1.541777162	1.319203701	1.485039875	2.493238303	16.13253044	22.75548251	2.855174037	1.933034665	1.769412292	24.28057336	117.7533906	31.61598823	0.453881948	0.352465777	0.276658703	0.260574206	0.263020035	0.226712128	0.223709912	0.233617158	0.206702284	0.21397829	0.21204282	0.226589122	0.220263908	0.19871781	0.179762574	0.178325836	0.170452519	0.142209799	0.1522764