Wavelength	250	255	260	265	270	275	280	285	290	295	300	305	310	315	320	325	330	335	340	345	350	355	360	365	370	375	380	385	390	395	400
300	0.530638012	0.498000659	0.580358118	1.899263518	10.76699157	11.65676052	2.11025775	0.895016153	2.9047257	29.85463924	59.64803175	23.76076946	0.558385309	0.125078085	0.069914403	0.072224501	0.058611512	0.058459626	0.045291992	0.042838107	0.037554754	0.041133184	0.03457801	0.030851142	0.0270139	0.034050982	0.031747791	0.015061703	0.021501741	0.021363508	0.014550264
302	0.478478373	0.529339213	0.636170763	1.176967884	7.381497741	14.55102653	4.433841067	0.927159902	1.054674023	14.16992035	54.77426064	44.24233804	4.280349155	0.147958373	0.094697841	0.069177241	0.060529991	0.054923478	0.045645485	0.041689847	0.036367352	0.029279714	0.031532902	0.036339235	0.029281627	0.032092383	0.026184234	0.021814151	0.018863934	0.019754962	0.022013619
304	0.568139434	0.651729437	0.678396365	0.869092053	4.467215642	14.60727756	7.997466872	1.13551616	0.849865343	4.989666399	39.85461294	59.035849	16.57286669	0.237505807	0.105056674	0.098531702	0.071142257	0.048675432	0.043571399	0.046986283	0.039824883	0.032877996	0.031174233	0.02940726	0.027309599	0.025543566	0.026512741	0.023655385	0.019474226	0.017598356	0.015133563
306	0.591339038	0.66258726	0.605722075	0.805775811	2.571071646	12.32417925	11.85258881	1.953395799	0.796464052	1.678713903	22.13515424	62.48349217	36.0254951	1.770661156	0.117867536	0.093926482	0.065203411	0.064433612	0.049772909	0.03451858	0.048906671	0.03932109	0.029334356	0.0308453	0.035322615	0.029716716	0.030119508	0.021786688	0.017734546	0.015994693	0.022044265
308	0.609688611	0.651218842	0.707621726	0.774982685	1.431592185	8.432891864	15.09465405	4.009591355	0.895473735	0.831230669	8.853629205	51.09553431	54.87138592	10.501789	0.164576285	0.10061631	0.070622832	0.056104157	0.048959905	0.037339208	0.039052757	0.034425095	0.025682784	0.034155117	0.023689908	0.025879544	0.024532972	0.023049321	0.023795488	0.020291416	0.016970441
310	0.576974986	0.711063813	0.787275544	0.844450448	1.082674403	5.346963394	15.22145081	7.584517982	0.965345734	0.80073489	2.851066508	32.77152075	63.0819326	28.16208856	0.648855014	0.122378406	0.0811789	0.061896784	0.052688328	0.040523912	0.046596496	0.038914862	0.032005153	0.033715824	0.032170394	0.023859133	0.032337663	0.023687817	0.018626137	0.021403971	0.018014414
312	0.690921046	0.809609124	0.858018619	0.874640978	1.126365437	3.057306155	13.37398202	11.89458583	1.812208933	0.75348016	0.91501181	15.78256307	58.33769962	49.41818206	5.470614263	0.144795595	0.082270161	0.063500156	0.051057413	0.054569492	0.043906897	0.034412867	0.035135432	0.033014265	0.031470149	0.029962677	0.031044154	0.023697683	0.015129698	0.020037436	0.015374126
314	0.82001224	0.709313645	0.926483677	0.948178349	1.098954987	1.910881594	9.546776229	15.19399307	3.841270265	0.759634998	0.729241861	5.119186222	40.80818241	63.92585953	19.56636163	0.263300526	0.100186828	0.078495056	0.055080866	0.051063343	0.042380956	0.046684981	0.033487405	0.031906169	0.027592505	0.027946353	0.030757686	0.021194855	0.020363018	0.020032698	0.016428704
316	0.834862473	0.891254516	0.892646837	1.035469984	1.160183471	1.404143652	6.120132277	15.71980699	7.57770096	1.035901863	0.710334829	1.375855189	21.35256117	65.00570214	41.90946535	2.584531445	0.13202283	0.073133934	0.061232343	0.052029173	0.050294976	0.047439056	0.043967763	0.037766474	0.030735427	0.030981362	0.021672348	0.026516353	0.022137941	0.016227383	0.016137584
318	0.821097255	0.857287367	1.017920953	1.126141557	1.123646407	1.299605873	3.646822024	14.12933221	11.45201785	1.74668634	0.728851692	0.784098032	8.783794058	52.48718576	59.61074996	11.6768142	0.167816126	0.080797704	0.076930084	0.053120234	0.053821015	0.03739667	0.043662832	0.034121555	0.040696967	0.034457102	0.031732565	0.027063057	0.021777686	0.017600447	0.019615259
320	0.931327498	0.99510957	1.003764235	1.108476725	1.308559113	1.422127564	2.432143354	10.46276547	15.13426764	3.839889261	0.742678028	0.670189672	2.433865817	31.41004006	68.18205507	32.49724263	0.714067883	0.111188606	0.068986022	0.058930348	0.046676764	0.042902073	0.03667324	0.038482986	0.037129986	0.025143922	0.026830401	0.030438172	0.025003762	0.018676926	0.018798287
322	1.094003074	1.059346358	1.152206047	1.229604786	1.32912544	1.428228573	1.767092983	6.65917196	15.84162171	7.062734675	0.972403749	0.698818421	0.845785794	13.615773	61.31091134	56.55971074	5.869252962	0.140699041	0.083274472	0.060102781	0.053308802	0.04516711	0.038228938	0.034899543	0.036175259	0.033405266	0.031012187	0.028536742	0.015174611	0.018690182	0.020145404
324	1.118605241	1.193907796	1.204165494	1.326643575	1.425591717	1.639775239	1.647636896	3.906654037	14.33446333	11.61995938	1.804122211	0.661584039	0.717236439	4.109578778	40.89718056	71.61349537	22.8417766	0.247445854	0.092531389	0.061891724	0.051519626	0.038917382	0.03608482	0.038443393	0.035441799	0.03961877	0.033329911	0.022072857	0.02241185	0.016531028	0.021942495
326	1.253489163	1.331207535	1.350994769	1.463671998	1.571015884	1.682931441	1.699337977	2.584728471	10.95981566	14.89507695	3.815500717	0.718326629	0.662595029	1.307546156	19.93293596	70.54724803	47.52958511	2.315579928	0.124206573	0.081526666	0.052577813	0.052361318	0.042997891	0.033075557	0.036825839	0.034398692	0.023919733	0.027435803	0.018343024	0.021979637	0.022281444
328	1.286313396	1.332131148	1.669467129	1.526667671	1.804899279	1.835676041	1.772265661	1.99847035	7.177581806	15.8103958	7.245793307	0.958597427	0.718619439	0.774158711	7.381348273	55.1518492	68.40971746	12.75806019	0.183639928	0.091698849	0.067423332	0.059652977	0.051829571	0.044577735	0.041353591	0.034829364	0.034897539	0.023392098	0.016615487	0.021426758	0.016422989
330	1.289368951	1.425500274	1.613297991	1.663310043	1.85926566	1.930189747	1.930629496	1.95483157	4.186751373	14.14013389	11.8190978	1.860424292	0.744605554	0.757247376	2.063491206	30.65862083	75.81620665	36.92747102	0.714379346	0.110380859	0.067557332	0.057760163	0.050989601	0.047316038	0.037442499	0.025575485	0.028411758	0.032283291	0.020922193	0.019778313	0.015924511
332	1.59611065	1.438819259	1.66504036	1.736554338	1.912450627	2.016379307	2.091791192	1.925654665	2.854991951	10.8681699	14.83041796	3.730999265	0.779959313	0.77501411	0.94664508	12.91966066	65.91432884	62.14728298	6.0783544	0.141024392	0.092614456	0.052724091	0.048911661	0.040661891	0.044872859	0.038626943	0.034877863	0.023040032	0.027531302	0.017587961	0.024671583
334	1.546822058	1.617611531	1.812644372	1.673443942	2.032925413	2.204605317	2.20748406	2.067461983	2.303811157	7.090157706	15.76418391	7.406573361	1.083509939	0.769374721	0.80452709	3.938279212	42.38502515	78.17533288	23.82061704	0.283644332	0.091205328	0.059611588	0.059381213	0.048951637	0.036317356	0.042873078	0.03486021	0.028385073	0.026548141	0.023791748	0.016687899
336	1.746053746	1.750329129	1.918837247	2.042634701	2.142077111	2.285163076	2.33210128	2.187211516	2.194240392	4.423963471	14.24432625	11.53723779	1.956674358	0.824606746	0.822605365	1.366640252	20.9773172	77.91125806	49.78106759	2.436834098	0.135868623	0.075592588	0.065284689	0.054342534	0.046506497	0.050575254	0.040383323	0.023070698	0.021217676	0.015140205	0.02521387
338	1.97523267	1.954813931	2.081252336	1.976705978	2.216080866	2.482365042	2.523336317	2.29748764	2.165904431	2.954965646	11.07090783	14.85077008	3.973223498	0.960055485	0.883939388	1.001105198	7.876538834	60.93171074	72.20881928	13.31153722	0.193223997	0.090318102	0.067917241	0.064928786	0.049146938	0.041530491	0.02835663	0.034101081	0.025797381	0.027039239	0.020431745
340	2.18280558	1.981610727	2.225697808	2.261704596	2.418555913	2.579648334	2.561223884	2.486011754	2.227036809	2.402476125	7.307578627	16.00648628	7.460279158	1.197227838	0.945469467	0.956602231	2.35851858	35.31970796	82.2071725	36.46006064	0.827515814	0.120774217	0.073368676	0.073166053	0.048543143	0.033441535	0.038789232	0.031610654	0.029134004	0.023294965	0.02439779
342	2.254927239	2.235365178	2.365417646	2.435241067	2.637604363	2.557395673	2.755081398	2.620699532	2.445166798	2.161701772	4.707322903	14.71349351	11.6137386	2.001715457	0.948995633	0.992235733	1.161594167	15.98719338	74.28070156	62.19819469	6.82150995	0.153992891	0.088134137	0.056464272	0.054025172	0.054530968	0.039446838	0.034733162	0.025007836	0.027380696	0.022219631
344	2.46746443	2.408665662	2.396293784	2.432611882	2.616691844	2.834067196	2.879748406	2.716474254	2.585234459	2.231576614	3.210126012	11.49578617	15.00599924	3.945290568	1.079921845	1.076292359	1.076141196	5.285453227	52.26159234	79.58291184	25.0958549	0.284290583	0.109473911	0.075637082	0.055899267	0.056239223	0.045447109	0.032042478	0.028749024	0.025419833	0.025187517
346	2.616642002	2.484646018	2.621401413	2.562671323	2.817426208	2.969849968	3.161985781	2.943497969	2.700606167	2.373767588	2.461299037	8.151754813	16.31196365	7.209474494	1.398319738	1.11903102	1.052012447	1.739791899	28.69858197	82.62803114	51.45804987	2.220631566	0.140755009	0.076045613	0.057617495	0.0446738	0.039526612	0.032581534	0.0275815	0.019211426	0.026260203
348	2.830026435	2.629918657	2.771194215	2.785674668	2.799931164	3.007138642	3.061568799	3.053851925	2.845875532	2.499130888	2.292208359	5.187654811	15.37014816	11.40967717	2.137470552	1.235972745	1.194344245	1.05113374	11.37775707	67.39841677	76.40767119	12.87279087	0.222581112	0.103437959	0.057247244	0.057634347	0.049138548	0.036497551	0.027067065	0.021469944	0.023029144
350	3.120576816	2.960339175	2.923586089	3.017545575	2.984972714	3.304322123	3.358405804	3.217550895	2.997722652	2.665301468	2.499642753	3.651478064	12.66892399	14.78785775	3.854787698	1.365227873	1.218810117	1.08402695	3.704814933	42.77419175	88.04617795	35.66092268	0.666130974	0.116416082	0.078743972	0.058682801	0.051590092	0.027967204	0.033433076	0.02325371	0.023520498
352	3.437411194	3.171637924	3.142981451	3.194842211	3.210467472	3.381473444	3.552619892	3.461698282	3.265372074	2.90687395	2.625020587	2.933141401	8.969864115	16.81008337	7.119342928	1.677519805	1.340594841	1.152706904	1.366497463	19.75590711	81.63169955	64.88339923	6.510800947	0.175491982	0.082310519	0.063739778	0.054703093	0.03779476	0.036449986	0.027042416	0.021473219
354	3.678443689	3.495669286	3.204007124	3.349275395	3.70230563	3.594717272	3.764771598	3.735625387	3.32568454	3.042922597	2.765603648	2.683831977	6.112367106	16.22867594	10.91287389	2.396917276	1.440307268	1.230918987	1.107968095	7.444455866	61.33766763	86.31015732	24.72804695	0.275492763	0.100365479	0.070510764	0.054710105	0.036043513	0.030008075	0.033835011	0.030948835
356	4.116305715	3.733699938	3.447685505	3.656726368	3.738705391	3.940586586	3.745194244	3.924571661	3.836199171	3.261133417	2.991937438	2.736222526	4.277882462	13.57104476	15.00875325	3.91997593	1.617715758	1.289930832	1.148352754	2.249625263	34.2189324	92.03560239	55.28415418	2.188796837	0.134377336	0.096297141	0.074788974	0.038760847	0.039900987	0.02244524	0.024939785
358	4.501622074	4.202047215	3.779363118	3.860252228	4.104225729	4.130402235	4.325171616	3.981468354	3.794224174	3.502804663	3.08944257	2.919032593	3.301181764	10.0884993	17.1264016	6.786550253	1.91127458	1.481795056	1.204293058	1.221535226	14.27303971	80.50445535	82.00175004	12.83817602	0.188684725	0.093782576	0.06211376	0.044012954	0.039580551	0.02687675	0.026242051
360	4.843120725	4.447352028	4.06393256	4.138492283	4.258572682	4.365779819	4.255819767	4.219824482	4.123931966	3.801651524	3.342609428	3.094309585	3.085120448	7.087811862	16.89756683	10.77907762	2.504374526	1.544879004	1.354485318	1.142623282	4.515226185	52.88409955	96.07862776	38.72402164	0.565253467	0.13179757	0.08011712	0.050957742	0.043077883	0.03652026	0.031278407
362	5.18052376	4.587757136	4.404420166	4.33784102	4.503184863	4.641531822	4.399716942	4.485343739	4.356139285	3.765771184	3.680771771	3.296651589	3.109047362	4.94546968	14.39618998	14.75798136	3.818276672	1.791107985	1.415372384	1.228021946	1.551262852	25.47510217	89.77893437	69.39201406	5.323444512	0.187877896	0.085083007	0.051424538	0.045200123	0.031117147	0.028640904
364	5.274190336	5.027523656	4.604279954	4.49129603	4.943578159	4.814866102	4.904810012	4.577260179	4.502968714	4.103414427	3.860610068	3.537149335	3.304067417	3.92578218	10.9914884	17.15393984	6.411325803	2.008119881	1.554466426	1.288024534	1.192250865	8.783398366	64.96105767	93.14806296	23.04396896	0.324368154	0.108602062	0.063516583	0.037029818	0.031168639	0.027030913
366	5.698467991	5.354008958	4.964626486	5.029246076	5.145741923	5.058476956	5.062531468	4.889936372	4.719921706	4.393751052	4.047407087	3.687503227	3.52142804	3.686276649	7.831562758	17.38847235	10.22444725	2.449830621	1.745316884	1.444856195	1.212912428	2.484845217	35.3687103	97.67126587	53.8789301	2.604581321	0.142279025	0.069416814	0.055141701	0.034133791	0.031213231
368	6.06911566	5.765358806	5.350872294	5.335939932	5.709655547	5.452054925	5.312403295	5.028321338	4.893604156	4.568482202	4.234048725	3.94650428	3.750765186	3.599361158	5.730946612	15.28903126	14.23858949	3.64772724	1.893314171	1.566776642	1.260876308	1.286727977	14.39772921	79.96093293	82.90975805	15.66979523	0.225509273	0.072990283	0.044183528	0.041172386	0.032327301
370	6.313905841	6.103137453	5.65200202	5.461101232	5.659087341	5.654014501	5.565537928	5.199137505	5.157577301	4.694262712	4.499100959	4.241404937	4.013093589	3.859403741	4.570660498	11.87141028	17.09002468	5.977607572	2.116604315	1.671118443	1.387454269	1.202054763	4.515225152	50.26091833	96.62587531	46.99444585	0.817006225	0.106229624	0.059380312	0.044832017	0.036878846
372	6.817580888	6.07884061	5.862674431	5.624683878	5.901739511	5.963957145	5.685569913	5.447932411	5.185992853	4.945841683	4.888493666	4.321690891	4.101020692	4.079964045	4.241010455	8.648962937	17.58508361	9.438463339	2.511201343	1.811134818	1.49335685	1.22887479	1.509479611	23.27005685	90.05904793	83.87472902	8.047240839	0.170027501	0.066015749	0.042491655	0.04150557
374	6.899655706	6.472565476	5.893447866	5.975568417	6.00703475	5.835851018	5.80267345	5.752197597	5.450064223	5.074113333	4.879761461	4.692148151	4.401558288	4.218397918	4.254304613	6.50899018	15.99247055	13.0630356	3.472741016	2.030951169	1.631955889	1.276407364	1.176718269	7.967085066	65.46941827	106.1176099	30.53645987	0.286744669	0.088883766	0.049246332	0.043371269
376	6.934691342	6.489499521	6.248904303	6.240351226	6.304471083	6.319178561	6.013321201	5.829289031	5.73612597	5.402006944	5.124562326	4.848458001	4.589532983	4.441330377	4.407325006	5.101602061	12.74922591	16.28044595	5.35847308	2.182128002	1.752649864	1.45687404	1.178440522	2.327651975	35.4687649	105.5346858	64.78868622	2.568223245	0.118001977	0.061079892	0.045518484
378	7.281104799	6.607089972	6.199748097	6.251404696	6.335578584	6.532370385	6.117772494	6.001358074	5.708003712	5.508770031	5.19431244	4.898015641	4.793294912	4.758317693	4.472388174	4.671494628	9.455183191	17.39050278	8.423342194	2.566909621	1.907925954	1.522541251	1.179952612	1.230907469	13.521657	84.50449795	93.47346828	15.02646991	0.188105116	0.070285316	0.054308028
380	7.528762951	7.088609875	6.559004619	6.467223538	6.629902564	6.728431208	6.490640437	5.96899231	5.716369836	5.549570272	5.482126874	5.248436754	5.002237264	4.964159612	4.71049405	4.585297304	6.891857355	16.24526047	12.18565628	3.356098012	2.022336695	1.623093262	1.331146756	1.094322612	3.725368919	49.45638096	101.4088736	41.61703142	0.663945004	0.087367325	0.056355516
382	7.779391478	7.124629147	6.619785474	6.567211965	6.671214338	7.003960114	6.422224658	6.369784543	6.012995772	5.67766189	5.531620203	5.398114515	5.204382422	5.049596627	4.969019715	4.904380756	5.563525073	13.21545172	15.2478254	5.065853168	2.213219507	1.791006806	1.452309274	1.173850968	1.403688638	21.43526147	88.54761758	69.26518672	6.475498651	0.138874686	0.077468219
384	7.899961934	7.484003791	6.840878891	7.153050485	7.036842506	7.126651862	6.817552191	6.285814433	6.104161103	5.823339742	5.665173773	5.583895065	5.343093151	5.323444393	5.113479641	5.063113418	5.063736043	9.960694334	16.91060419	7.942335412	2.528567656	1.871566239	1.558834546	1.214287602	1.128694478	6.302526047	58.09084182	86.50669511	25.13787731	0.218591775	0.090232189
386	7.916129846	7.609427494	6.915143557	7.064143097	7.109016454	7.166603327	6.968213886	6.794157846	6.296198946	6.117686702	5.854899622	5.734208488	5.562041892	5.410871102	5.327902304	5.228157712	4.986255255	7.390164415	16.08678575	11.60534857	3.307266075	2.044047224	1.623893232	1.290764579	1.006893248	1.677683342	26.93288364	85.55256059	53.60326827	2.149570871	0.119546608
388	8.257826475	7.7044358	7.295709565	7.263580047	7.278098052	7.108055018	6.977826465	6.840881421	6.307747193	6.166268176	6.040566294	5.882162331	5.763390024	5.722314973	5.553510422	5.329602696	5.086784286	5.909061008	13.57170314	14.51526553	4.73412771	2.181942753	1.796927243	1.436869614	1.121775983	1.074721261	9.779919792	65.99790223	75.77473839	11.70640278	0.195576674
390	8.130747685	8.018694602	7.633347289	7.548554357	7.642181813	7.69165914	7.117945824	6.720917617	6.675330832	6.132238077	6.184395729	6.058219245	5.997513807	5.913855079	5.657382717	5.488501914	5.243778844	5.293957877	10.61869693	16.4537156	7.238914691	2.472682228	1.892164335	1.478161554	1.164242467	0.995798523	2.554144977	37.86730826	85.15601549	34.21339371	0.78579702
392	8.6680837	8.148208353	7.856160258	7.597038994	7.791858387	7.49121101	6.993336754	6.995831672	6.667100389	6.409369443	6.164155528	6.008383268	5.994236773	6.081593089	5.848127629	5.674003161	5.323958081	5.137708852	7.754712662	15.81810418	10.47497069	3.144930224	2.006105939	1.622576021	1.28067695	0.994596019	1.13596972	15.7938346	75.51848432	60.29243822	8.031733358
394	8.839996022	8.136942834	7.908957667	7.691397125	7.523470377	8.036551053	7.327457994	7.111002986	6.827321803	6.515459317	6.333618297	6.268913973	6.285505341	6.235429509	6.082339978	5.787934472	5.48248201	5.095552898	6.217595494	13.69544341	13.62254657	4.328127051	2.183936801	1.705230174	1.3572013	1.046330985	0.929348787	4.793062604	51.81315323	77.45078289	27.65666834
396	8.875914307	8.655382953	8.039823706	7.758538065	8.180261279	7.82300588	7.60642612	7.155217307	6.996149942	6.525159785	6.511151647	6.340091276	6.442821953	6.338295743	6.244701705	6.113415198	5.722048957	5.166669128	5.425972441	10.9400843	15.54711657	6.631211894	2.408340906	1.872442819	1.489839641	1.127615404	0.950004677	1.493636686	26.01980665	78.84461924	54.89400487
398	9.16439604	8.825885725	8.463836083	8.19220056	8.261010095	8.024156626	7.540928677	7.566852991	6.910058544	6.778821469	6.620399104	6.379709618	6.453921936	6.49884027	6.323943414	6.124817995	5.943866393	5.402386701	5.145980304	8.26357023	15.64868004	9.599784705	3.057517434	1.994239489	1.536866402	1.168779265	0.917273928	0.9315042	9.693937349	64.28443918	75.06286865
400	9.419079102	9.010166447	8.728050982	8.118384013	8.135084884	8.14583621	7.628015908	7.486718854	7.092456601	6.833108514	6.693884235	6.673977651	6.646811191	6.50225802	6.462406808	6.327509718	5.981966446	5.454895685	5.134437446	6.600194	14.02671731	12.43353024	4.129363167	2.111037857	1.65289887	1.269877305	0.954057376	0.842029781	2.88154601	41.41607208	81.4344957
402	9.66145501	9.273524473	8.721753946	8.358109982	8.063039387	7.960382842	7.725743002	7.441779645	7.078925712	7.0398437	6.709307338	6.819138368	6.637616093	6.903366827	6.54637883	6.303668117	6.110639628	5.641369734	5.088814819	5.558119929	11.41103201	14.73796847	5.936298797	2.304741479	1.746248028	1.366575373	1.043268849	0.811823995	1.050371368	19.93100734	73.09550915
404	9.635079467	9.131988176	8.862223397	8.365169869	8.536101165	8.17559488	7.764102162	7.534047099	7.094807252	7.030557069	6.818288445	6.88297906	6.731625799	6.883717778	6.694630779	6.68265926	6.154510378	5.825643232	5.162892582	5.013022092	8.830009465	15.31148147	8.535139513	2.740253947	1.859441631	1.40045489	1.093711388	0.839120482	0.832125161	6.435095271	52.37819458
406	10.07202381	9.312283594	9.098072439	8.817611162	8.564945374	8.169658102	7.96091665	7.58322421	7.271916042	7.054661358	6.79435087	6.868588404	6.90557281	6.819750458	6.702919095	6.572862435	6.29460962	5.884987437	5.348963246	4.964091352	6.861434104	14.38283657	11.26607593	3.620675319	1.939114301	1.515118292	1.178388352	0.87150964	0.755156101	1.785337709	28.4638656
408	9.980689763	9.402242262	9.119460867	8.447439156	8.452158349	8.012116392	7.979009155	7.539977002	7.382613423	6.963019035	7.08033658	6.961059536	7.017680433	6.948909509	6.841467404	6.69649821	6.357977893	5.879554338	5.47356486	5.013000446	5.481693559	11.84396203	13.64597079	5.231371486	2.090767245	1.594037374	1.234917378	0.940151424	0.731845397	0.880501541	11.30501542
410	10.05393579	9.465588639	9.03350808	8.969365831	8.345430671	8.083359755	7.864149534	7.552467954	7.364345969	7.002998835	6.914062853	7.051665028	7.153288969	6.922837456	6.897666408	6.750053364	6.346122396	6.083620303	5.600382694	4.989085637	4.982415595	9.30183262	14.76442468	7.468237193	2.427169031	1.686403108	1.248888632	1.000058873	0.761069795	0.752027119	3.537835543
412	10.48693836	9.563126798	9.275735001	8.508498834	8.260929067	8.204056567	7.838600846	7.407959871	7.145079035	7.042571767	6.880707618	6.933736759	6.9815806	7.04708795	7.097412099	6.878556235	6.565849686	5.999586653	5.577433869	5.012705098	4.780701799	7.169561629	14.12143172	10.25609873	3.043727299	1.767936297	1.33391548	1.073404117	0.805006461	0.687474316	1.117542082
414	10.46906166	9.610174123	9.224399331	8.534929176	8.378256227	8.230496538	7.945533626	7.484859531	7.174592888	7.078090683	6.877816629	6.897913799	7.149371522	6.939527415	7.059497644	6.782366485	6.593392087	6.087805533	5.563814413	5.117225178	4.696194664	5.704303594	12.02975158	12.5083383	4.323977588	1.951246607	1.434940432	1.094152067	0.831006055	0.673039726	0.709735383
416	10.45130382	9.829865517	9.209900088	8.709322185	8.381774221	8.40858309	7.86562142	7.644334978	7.144988384	7.078842009	6.902154302	6.972334477	7.015742149	7.061712117	6.976409479	6.699160447	6.541453619	6.092503539	5.711861982	5.124928726	4.630325622	4.885801884	9.565336549	13.89970494	6.238308389	2.125540562	1.520322963	1.171512255	0.9271737	0.704080351	0.669085371
418	10.63097602	9.874600721	9.381129288	8.564549232	8.543724529	8.162261927	7.897732802	7.371300313	7.138450632	6.89848272	6.901820778	6.976931319	7.165211524	6.966383957	6.941491482	6.854725021	6.548070731	6.115954126	5.715255226	5.19482627	4.796689321	4.599007368	7.145064786	13.4415089	8.825577326	2.715876475	1.576215971	1.239756539	0.958039835	0.740763366	0.62202971
420	10.45107881	9.785414037	9.082190376	8.628965617	8.176080672	8.177566138	7.994165992	7.341076403	7.142908864	6.90989786	6.753085056	6.860663001	7.051193932	6.827066175	7.02744561	6.831753837	6.569381554	6.217396301	5.637162055	5.214290197	4.747020911	4.527134711	5.652389875	11.77948784	11.19358344	3.753815998	1.649028351	1.236002311	0.974475358	0.742332741	0.581101041
422	10.41732071	9.934366245	9.422755386	8.697050411	8.606629917	8.097238587	7.769463106	7.369884248	7.112400806	6.887358052	6.821052506	6.812522877	7.026518463	6.845403793	6.793491077	6.705208317	6.460002027	6.069336578	5.684438543	5.199242486	4.863428227	4.452935064	4.697205073	9.422752515	12.64637579	5.407458024	1.835502612	1.275173778	1.026138757	0.818533048	0.648261414
424	10.32279088	9.82359715	9.276186647	8.473600318	8.390279923	8.25557177	7.76514681	7.186795447	7.138895346	6.69954035	6.772650558	6.739618827	6.880533535	6.848617574	6.847872204	6.835885404	6.417216053	5.916199198	5.543770527	5.181226167	4.850091285	4.407834847	4.406827023	7.258428946	12.64871689	7.602268258	2.249520879	1.394911987	1.062065552	0.816502562	0.660432843
426	10.36459439	9.890808055	9.496299275	8.588394075	8.390684154	7.978180429	7.711697017	7.096029634	6.905368341	6.63303268	6.654498987	6.851795394	6.769071811	6.78024197	6.732647027	6.650698659	6.351418367	6.023267653	5.509250922	5.264106978	4.770708449	4.401912259	4.226330671	5.562178148	11.33763767	9.909860515	3.057247847	1.468576296	1.113297747	0.892718048	0.70647131
428	9.805572937	9.453395039	9.230076368	8.677038933	8.469289963	7.954471985	7.443204748	7.149837612	6.932118459	6.638039034	6.44367885	6.52714261	6.503224333	6.581304495	6.615151301	6.499226572	6.239095438	5.953706645	5.501143108	5.174214083	4.759101845	4.394047661	4.165066868	4.517188989	9.097231533	11.10233512	4.587075815	1.614916427	1.132507282	0.889015396	0.755170514
430	10.25516198	9.739335761	9.101652861	8.678368438	8.148343311	7.955702109	7.371344126	7.140893657	6.842846598	6.364151029	6.376273082	6.397804956	6.618099218	6.452431131	6.530885389	6.401706317	6.168182793	5.838026181	5.43653885	5.132665259	4.814363325	4.422612771	4.077106605	3.975002534	7.050331905	11.38907957	6.31691507	1.930763911	1.193779946	0.923605136	0.776493809
432	9.994846072	9.787234153	8.950109046	8.519322113	8.200889791	8.161243237	7.317752151	7.001106272	6.720643071	6.310508628	6.406544978	6.427648826	6.407024468	6.348653287	6.399723935	6.268278392	6.03918097	5.758795716	5.392742463	5.018319185	4.675704887	4.414907591	4.051365361	3.783337825	5.285232009	10.32952947	8.213706989	2.541906934	1.228247881	0.988373389	0.806687915
434	9.993071669	9.328147278	8.858739073	8.266678215	8.189726812	7.75945301	7.321163409	6.841471014	6.364961963	6.263849274	6.103214453	6.267757239	6.26213637	6.122747052	6.105647144	6.086106378	5.847348109	5.560470815	5.227817867	4.994175094	4.621137485	4.40010928	3.98425933	3.787339384	4.247976365	8.53351086	9.691795959	3.616056516	1.32580713	1.001854805	0.826373664
436	10.1106611	9.003878443	8.807882707	8.451316866	7.966415137	7.608473704	7.29772946	6.641786156	6.43658465	6.160429271	6.042192002	6.144539901	6.162967109	6.089393705	6.085631687	5.837193827	5.765837002	5.510620759	5.203961796	4.889291211	4.686534793	4.358589988	4.048020089	3.721641107	3.526613743	6.476105205	10.20048278	5.093290279	1.492975443	1.053736093	0.863036851
438	9.355255042	8.857196837	8.83596863	8.437042452	7.987330543	7.664917996	7.116447039	6.594668368	6.176176196	5.940969465	5.74984663	5.928430419	5.923848464	6.015164331	5.906775331	5.77449684	5.592508241	5.481608658	4.979974806	4.794361521	4.587838735	4.350659897	3.988656546	3.60627333	3.351573102	4.754665396	9.194974347	6.885664088	1.945543174	1.0558	0.871489996
440	9.483456267	8.869708348	8.726723574	7.95416919	7.759874083	7.706760814	7.006609423	6.397960712	5.972775423	5.816164118	5.821452718	5.738207353	5.658835038	5.898408311	5.762391024	5.58733723	5.42956046	5.173108413	4.986092094	4.809801057	4.416398848	4.337340114	3.984917275	3.609098441	3.214349985	3.70872466	7.700369437	8.18072384	2.768824583	1.142543628	0.899063366
442	9.676418269	9.008731789	8.454237695	8.212445956	7.803769947	7.539209939	6.691312947	6.174708485	5.952357612	5.684994027	5.503105642	5.461072478	5.573608729	5.574347391	5.67510963	5.467613935	5.288695482	5.179103917	4.84432976	4.641247981	4.34672995	4.252778779	3.958129012	3.549485327	3.13608466	3.209393954	5.937969085	8.814370431	3.963421201	1.31654434	0.936470196
444	9.151379345	8.643397121	8.548460673	7.902733003	7.693784142	7.169155285	6.60479517	6.192347971	5.815708361	5.536768746	5.528828554	5.442447784	5.455350956	5.588868231	5.37393526	5.400985158	5.166571904	5.009707907	4.775431551	4.569813411	4.323984386	4.09985036	3.86895447	3.59799201	3.177806311	2.915407247	4.37264144	8.377894459	5.458209856	1.560535877	0.957112325
446	9.075056021	8.482058965	8.129392467	7.92124727	7.641647702	7.044751095	6.626244986	5.848908827	5.500219201	5.498183908	5.209099046	5.275689829	5.360252462	5.231719291	5.284812671	5.079160619	4.970054417	4.907389102	4.569219643	4.460446326	4.257477839	4.093121601	3.885366326	3.564478002	3.147068592	2.794325706	3.305020778	7.144521246	6.800819528	2.164440334	1.033092306
448	8.959172783	8.478187103	7.958205955	7.830446068	7.347405421	7.054687321	6.439403525	5.933326525	5.576546346	5.141795952	5.068796759	5.057684525	5.156452271	5.057366524	5.04367249	4.84882086	4.783442461	4.715677883	4.465752404	4.337954017	4.125724813	4.018066797	3.773134016	3.410693716	3.051135131	2.714531876	2.732560913	5.650076255	7.517121656	3.049122414	1.121979814
450	8.648655671	8.263097752	7.64874154	7.402123989	6.849003969	6.90874941	6.445180099	5.726712105	5.474627669	5.060854129	5.042138348	4.911960227	4.920491614	4.830371207	4.916923754	4.681533209	4.579526926	4.453671681	4.340205881	4.251362016	4.00936439	3.865475859	3.629117148	3.4476527	3.045565738	2.688219693	2.443364972	4.220953473	7.513166298	4.297263736	1.344242206
452	8.023545466	8.262310012	7.565047705	7.347008638	7.140391405	6.798276949	6.02395856	5.739530129	5.244178558	5.036368144	4.810518787	4.743178483	4.720842405	4.708328853	4.735779587	4.672354144	4.529204529	4.354699509	4.212264491	4.0503176	3.950266135	3.718743483	3.516818541	3.330876032	2.995960856	2.728401968	2.370308169	3.183952531	6.743279454	5.339886065	1.751623271
454	7.836408069	7.612882592	7.441054575	7.12231667	6.903821392	6.683395232	6.081375084	5.645493992	5.114912116	4.784643852	4.778592116	4.415313681	4.649750886	4.529222697	4.522288533	4.484671007	4.448770659	4.328232328	4.011174411	4.007676394	3.81390678	3.597382075	3.548813943	3.345919325	3.044689915	2.607314721	2.351214621	2.565437933	5.518938017	6.318719262	2.474322498
456	7.971715184	7.476879229	7.355331415	7.202096269	6.752404688	6.418585911	5.86982284	5.398464802	4.922650217	4.697642251	4.376259927	4.536856365	4.494049012	4.447959394	4.295771656	4.379219353	4.215112773	4.068535547	3.964769656	3.931762958	3.668489644	3.545989503	3.481255352	3.349633634	2.994928712	2.556107672	2.276861541	2.228069338	4.106292198	6.679843566	3.420915712
458	7.560382301	7.535107553	7.161395859	6.951317481	6.495417147	6.476801106	5.804862097	5.332455898	4.937729305	4.587425481	4.388769426	4.231951793	4.255396009	4.162273908	4.259028602	4.130236402	4.063986378	3.911449064	3.801868464	3.73659269	3.608155101	3.447667019	3.324532198	3.141533477	2.822382516	2.523825094	2.257495049	2.046112505	3.209297933	6.386523425	4.476451061
460	7.39990647	7.458319742	6.919160328	6.763660301	6.653032602	6.231730652	5.770648344	5.048625574	4.671405887	4.272622233	4.207341015	4.086826597	4.110972311	4.105491421	4.00248742	4.015997808	4.002253575	3.774823286	3.704955208	3.592839088	3.516120516	3.385313525	3.195148064	3.077780321	2.754754131	2.534119874	2.183424086	1.930847301	2.422001525	5.487083955	5.393869979
462	7.409438783	7.044883248	6.93407689	6.643777638	6.470250857	6.195211662	5.459133239	5.055638293	4.661705876	4.359643708	4.04201648	4.040447676	3.83625835	3.968166376	3.910152113	3.822846772	3.830936507	3.683660292	3.558898761	3.429676715	3.397742211	3.282882527	3.202566213	3.006085214	2.774774144	2.477665694	2.104225004	1.932445779	2.02376134	4.35871431	5.866759375
464	7.195896322	6.793060153	6.590859095	6.403437713	6.21254408	5.923298903	5.557381032	4.898538348	4.463878051	4.178441312	4.031978888	3.950566886	3.893751501	3.830773343	3.693811973	3.649098032	3.601212302	3.472688898	3.474274629	3.267549168	3.322129586	3.244950387	3.062265138	2.998276123	2.693704228	2.403261754	2.126022227	1.884005202	1.777226273	3.247101857	5.740895947
466	7.165349792	6.889077103	6.466080001	6.362837776	6.310577276	5.75058174	5.254213964	4.905028368	4.438131077	3.956039679	3.836593401	3.755977581	3.701772311	3.722424608	3.636358414	3.624328295	3.452835895	3.39866745	3.303706703	3.230992866	3.232682235	3.128039186	3.053781904	2.952737161	2.70245902	2.435077118	2.1118897	1.850070491	1.73018715	2.451645702	5.18138898
468	6.763631228	6.590887896	6.515128729	6.324722316	5.809381521	5.768462124	5.108558437	4.526842159	4.357117491	3.867679699	3.797254424	3.590312321	3.562948556	3.567093707	3.506473787	3.362794382	3.330513063	3.254135578	3.174571811	3.118928801	3.091663699	3.04412336	2.950923569	2.864028032	2.669433273	2.332108157	2.05896995	1.754611671	1.615605007	1.934615921	4.282430689
470	6.620964374	6.415066628	6.386619951	6.054520701	5.710889252	5.64754552	5.003532665	4.520818169	4.108576963	3.823870449	3.573456557	3.490262933	3.50188025	3.395188791	3.36294745	3.292584923	3.266561477	3.125842076	3.102022532	2.941212391	3.003536651	2.97878933	2.877053326	2.768124466	2.539654746	2.349073111	2.041873991	1.786476391	1.603019206	1.611026983	3.204813918
472	6.410519323	6.275110686	6.152253242	5.785920407	5.886946747	5.498365062	5.004250798	4.529208078	3.963054115	3.699039757	3.538395435	3.388866582	3.320458468	3.30728963	3.254383001	3.148229092	3.153136647	3.067109728	2.951156278	2.931626944	2.888652249	2.846468655	2.80381636	2.664516127	2.511016599	2.273596104	2.000315288	1.763072726	1.565326566	1.478707069	2.37170203
474	6.40328147	6.459269446	5.652516421	5.84395374	5.617643606	5.248772034	4.872159392	4.392331166	3.918906972	3.628973989	3.316621075	3.241184729	3.188746185	3.098508566	3.164484586	3.019039421	2.96571189	2.91057406	2.905703308	2.842069626	2.753113262	2.766325465	2.657936133	2.539068634	2.477977564	2.297061886	2.004762303	1.725143982	1.54756833	1.405358076	1.765802958
476	6.353832476	6.154795997	5.893444167	5.552889979	5.397968443	5.042713217	4.776894426	4.228698314	3.716903775	3.45831481	3.198830848	3.151470044	3.131373726	3.080570125	2.874906194	2.96616966	2.850347907	2.842722635	2.734421478	2.742744606	2.717362733	2.627646357	2.60053736	2.547058923	2.44757921	2.110730538	1.937526715	1.735166364	1.497362214	1.400093427	1.520958918
478	6.068648982	5.859493758	5.662084433	5.341648591	5.34939973	5.039734718	4.540029209	4.120263654	3.648169249	3.312782112	3.092502186	3.040327314	2.948298055	2.935347901	2.845336343	2.891307807	2.712034954	2.687230613	2.688015302	2.615417126	2.551739749	2.549804169	2.555061339	2.427487405	2.259372547	2.160640711	1.894607844	1.668924431	1.512816196	1.352785186	1.304566177
480	5.911096404	5.717402314	5.323654852	5.292576605	5.084138072	4.896288887	4.46464119	4.056011573	3.580114786	3.116872962	3.027504371	2.932565323	2.87987895	2.738102826	2.717142141	2.684080156	2.666349062	2.598764104	2.477703455	2.49539816	2.406994311	2.473952819	2.409122904	2.342869963	2.261906242	2.050960944	1.824223312	1.66639833	1.454466151	1.277725613	1.227640961
482	5.896497311	5.438157496	5.247842635	5.089299132	5.032124656	4.836544761	4.287832835	3.968629094	3.587779681	3.10049473	2.939122303	2.821347831	2.744443454	2.758693824	2.62226309	2.537389406	2.481646959	2.504330422	2.421240386	2.428084463	2.376693277	2.340893519	2.345211866	2.31869857	2.129418207	2.004875855	1.842435136	1.597277772	1.442435695	1.281463266	1.201744863
484	7.091203626	5.346070373	5.152611459	5.059596739	4.800411235	4.719013062	4.059911125	3.76683772	3.442178855	3.002558013	2.876928034	2.702513877	2.646895194	2.528247854	2.467439346	2.432276768	2.392578515	2.33620257	2.282413853	2.314743581	2.260829071	2.242195755	2.316152958	2.190251099	2.110189751	1.89423868	1.747831393	1.528987705	1.403865526	1.230715089	1.145634248
486	15.13743973	5.216519918	5.141031896	4.869667928	4.731557135	4.468113258	4.193282841	3.626280762	3.234961413	2.916312963	2.764219036	2.557874952	2.428121899	2.513908603	2.396116402	2.297335848	2.308184114	2.237149894	2.182950798	2.168391055	2.142647036	2.158652755	2.178001502	2.187914302	1.970829982	1.884826115	1.695362747	1.511801724	1.369738648	1.196137851	1.098515909
488	38.05323505	5.250664619	4.909541771	4.76015668	4.690604872	4.141163176	4.068883463	3.524370949	3.311689266	2.883566676	2.65779438	2.469877039	2.451901704	2.371563462	2.256924002	2.261542284	2.184859968	2.138454286	2.14248924	2.097847834	2.140670108	2.124244674	2.102281347	2.058182069	1.941483065	1.810171258	1.611736242	1.478798805	1.315122571	1.193871275	1.109331477
490	81.56818573	5.20565383	4.886201119	4.617397287	4.466529995	4.353801818	3.940449109	3.491066745	3.013315928	2.807395702	2.50223875	2.363611337	2.239660082	2.235790808	2.182555285	2.194061066	2.120830891	2.081578727	1.989692249	2.050541233	1.986651243	2.02516962	2.006840972	1.97009458	1.856569766	1.733619022	1.600422322	1.426229227	1.300827615	1.179743513	1.073261752
492	137.1588553	5.199828431	4.537208904	4.504822342	4.461923395	4.180370634	3.828031854	3.321394283	2.996662187	2.665148667	2.383206749	2.281563857	2.18723618	2.145738394	2.121649785	2.125517118	1.972616359	1.909639322	1.938824903	1.947496444	1.924415654	1.932189563	1.90957053	1.940468748	1.829959857	1.671716228	1.570469233	1.427447778	1.241578013	1.143080798	1.045535195
494	206.2139187	7.406272951	4.649142112	4.270743092	4.213255403	4.031844896	3.719661641	3.309608385	2.836779595	2.60161663	2.313816658	2.185532829	2.177216568	2.055364183	2.029134524	1.935878667	1.889122234	1.855377993	1.82060197	1.865181908	1.89650345	1.875881551	1.840218606	1.866029333	1.733167454	1.62636903	1.483465394	1.37820404	1.263574686	1.128850705	0.979473115
496	263.3390076	20.49233157	4.397157843	4.27299465	4.059066847	3.893165641	3.615028457	3.113780258	2.843532066	2.483568563	2.24527704	2.155768397	2.085924668	1.902288973	1.926071944	1.91867964	1.812922206	1.795438569	1.720259249	1.768173959	1.766960048	1.766471406	1.823682906	1.752961863	1.692670294	1.589691999	1.487323383	1.324365334	1.174898284	1.066397684	0.97143587
498	292.3852437	50.38284305	4.256100398	4.323098159	4.036973774	3.841725171	3.432204622	2.917142595	2.65002984	2.406687212	2.153641281	2.027262802	1.956427941	1.867288968	1.84473846	1.792924155	1.745760513	1.745293216	1.684677119	1.76032348	1.696512988	1.700981175	1.648782255	1.725866814	1.590695886	1.484752096	1.409960475	1.318016367	1.14710886	1.074176171	0.972956265
500	290.0735977	100.2719752	4.260293046	3.890341067	3.855577142	3.684054944	3.243990826	2.889826822	2.601438284	2.294155921	2.080624354	1.932664716	1.91532086	1.84615812	1.759733689	1.753326494	1.738385994	1.674491883	1.6456893	1.648426327	1.627213509	1.618074926	1.597864456	1.582329809	1.569339336	1.460884431	1.402578103	1.262090461	1.119903098	1.049292516	0.950476284
502	256.3903199	165.0527971	4.587976632	4.015453726	3.832794465	3.523965442	3.344008764	2.909468617	2.569232874	2.27301492	1.997000439	1.913381633	1.843250431	1.724524305	1.673473539	1.624192017	1.571619821	1.574517718	1.544823262	1.539160661	1.546381709	1.57827999	1.573967525	1.573786907	1.549916889	1.425732195	1.288592291	1.186531255	1.107857389	1.012074448	0.936822992
504	201.492506	230.5807415	7.483353955	3.767561262	3.706066497	3.462245403	3.15455599	2.819020467	2.42600558	2.163376278	1.955019458	1.861230612	1.698493309	1.688204397	1.622482364	1.583206617	1.559512068	1.513911217	1.511785829	1.535437236	1.487925878	1.512544389	1.52524752	1.497170113	1.413121145	1.378990506	1.267578406	1.137941149	1.046353212	0.991937336	0.871707049
506	143.2138714	287.0330147	22.10202925	3.773696992	3.556935934	3.328324364	3.043999588	2.675896511	2.351078374	2.122989546	1.927815114	1.729823303	1.702958709	1.559351206	1.574394928	1.554708542	1.50795072	1.477874531	1.45771265	1.410111578	1.432133446	1.47691258	1.441400825	1.482996408	1.390280726	1.350679428	1.201395809	1.153574876	1.01382451	0.933889067	0.850371152
508	91.71923929	305.4969299	54.68349309	3.781623746	3.496323712	3.315499078	2.943655243	2.541042753	2.358972721	1.999731992	1.87768049	1.754205795	1.607750761	1.576138993	1.418507537	1.515716792	1.414992878	1.430330616	1.334508431	1.36245711	1.343740056	1.378652361	1.405475835	1.393466436	1.334002154	1.286076711	1.190553691	1.051935625	0.952576109	0.920157893	0.86924195
510	55.16657791	291.7927774	104.495731	3.898301729	3.504974945	3.335220378	3.021034192	2.587919948	2.268865893	1.947555721	1.78748327	1.66560998	1.572213054	1.45835492	1.449612665	1.380310092	1.408752735	1.355795859	1.300621811	1.315083143	1.309291282	1.329316436	1.337010539	1.301395773	1.330378951	1.266995027	1.13832532	1.103264081	1.000050257	0.890883345	0.852314226
512	28.05974244	248.0470236	170.5212923	4.222676673	3.411871698	3.029041742	2.832949298	2.353968813	2.1110893	1.873664891	1.658236233	1.525253838	1.517189294	1.431419288	1.39169108	1.389884014	1.334229426	1.315311213	1.26706686	1.278001898	1.260099004	1.257674971	1.29527891	1.291794636	1.245741103	1.18398813	1.094014291	1.035040987	0.926404585	0.891004442	0.828522185
514	14.40296742	193.7011495	233.6967591	7.363531169	3.382881222	3.07088682	2.730283423	2.491968023	2.145032295	1.814054599	1.652127808	1.544257699	1.424101139	1.357719399	1.340457351	1.33514543	1.276794324	1.271258042	1.238576566	1.222855213	1.243335011	1.218708551	1.254158901	1.24671455	1.232177608	1.1736866	1.120162066	0.974545929	0.926087886	0.867440907	0.787071514
516	7.761202237	138.155518	281.0289298	21.69374532	3.312422671	2.936374589	2.678139208	2.413276221	2.157308267	1.786220824	1.578455435	1.488707377	1.426904891	1.347013361	1.245937667	1.235518131	1.243010878	1.202658117	1.130613479	1.175894053	1.189041726	1.191986478	1.245133461	1.249834176	1.172631694	1.138774328	1.059363568	0.962721566	0.87989186	0.805061187	0.767734008
518	5.835554097	90.49646238	301.2397167	53.11539814	3.141017194	2.819079582	2.513524808	2.340301686	2.035783684	1.748677509	1.542916707	1.465787652	1.35117111	1.295282359	1.242994865	1.156090774	1.179742717	1.102022184	1.139853243	1.124844647	1.122791672	1.142448394	1.162676356	1.175750627	1.123632245	1.103811735	1.012558565	0.945954735	0.859799355	0.796306472	0.753078121
520	5.139844384	51.95930229	287.7830964	105.2203894	3.404956223	2.778533101	2.560544963	2.159539233	1.86033124	1.72409271	1.466487216	1.395255087	1.278330865	1.239129896	1.189454335	1.132264415	1.12600498	1.119707707	1.086437984	1.082597405	1.065481481	1.096761312	1.115635913	1.116439034	1.038243288	1.039816657	0.960205894	0.903860803	0.844553428	0.77666845	0.703743064
522	4.59890566	27.68692422	251.3676806	167.4542008	3.583560499	2.835641744	2.404815197	2.130228201	1.820970286	1.658993593	1.437185274	1.332963984	1.240900308	1.112361542	1.143959535	1.183140914	1.098784306	1.068576608	1.094494343	1.056914276	1.04720915	1.050404552	1.068300775	1.071722766	1.061666643	0.988952556	0.946695672	0.849746496	0.81188216	0.762413188	0.697297337
524	4.493824523	13.38085566	193.1759801	235.1335759	6.034863233	2.710901788	2.468422256	2.082742698	1.825008143	1.619706804	1.442746193	1.358392611	1.233899096	1.161590592	1.105286481	1.082215049	1.053370459	1.00405211	1.014080629	1.03402772	0.992779049	1.029454471	1.057745273	1.020660975	1.015064745	0.949911278	0.933010195	0.855372309	0.796681523	0.747076472	0.647262677
526	4.527944466	6.732822887	135.4040387	283.3877809	18.12079007	2.805379578	2.320547426	2.076754843	1.736361615	1.542851751	1.448998842	1.250543884	1.133738302	1.155767145	1.081669883	0.967815105	1.012113297	0.956069551	0.997929817	0.9820192	0.966426135	0.976500261	0.984228576	1.000109472	0.95227919	0.942830678	0.875167012	0.811882117	0.777655306	0.674727065	0.685237128
528	4.919061605	5.08724914	86.51309744	302.8329577	49.41888306	2.759970445	2.321054896	1.976701914	1.667415567	1.507638649	1.319379763	1.219902193	1.148104035	1.07555058	1.000866413	1.043700677	0.97051539	0.963121944	0.924131801	0.9577475	0.928800675	0.910713566	0.939852995	0.945764188	0.921033746	0.907050365	0.865520612	0.767885778	0.718858761	0.691908076	0.656120095
530	6.331811762	4.468727909	48.35452709	288.6784429	103.3094829	2.909034032	2.30538938	1.930088151	1.690534977	1.432547201	1.271614991	1.174351098	1.06779183	1.051972932	1.050432246	0.959534911	0.922496353	0.915565224	0.871855475	0.86698975	0.878316861	0.915287306	0.927565125	0.901093129	0.896334618	0.873840016	0.820136768	0.757111081	0.721963418	0.620888502	0.631982653
532	9.342141127	4.149685845	25.37485525	244.9579443	167.4360567	2.952081554	2.21428018	1.883744444	1.583669849	1.398255927	1.249681891	1.107378872	1.000209295	0.973190253	0.873341086	0.922526456	0.915474903	0.865285786	0.851425775	0.869331806	0.823723037	0.876008541	0.911839138	0.887819712	0.876421047	0.82240926	0.770104074	0.702175744	0.676627739	0.627538974	0.596234482
534	14.47738795	3.904542761	11.95375588	185.7623213	233.1153615	4.598407266	2.29603644	1.804359177	1.616575584	1.315532163	1.217113327	1.084872799	1.022041927	0.982780868	0.923849559	0.887060468	0.888913448	0.885125267	0.806062404	0.797128256	0.818291804	0.851763352	0.861760101	0.850589163	0.862806258	0.768488225	0.727862532	0.6800554	0.636673859	0.621062492	0.576331502
536	21.36607273	4.014804685	6.206899369	129.6497847	280.3554672	15.53276822	2.233401527	1.76056927	1.500635321	1.325609284	1.149323205	1.067266937	0.965162452	0.912476754	0.874515646	0.856739654	0.847315323	0.81759279	0.79071877	0.781066345	0.798446457	0.823529423	0.83039655	0.788586967	0.784601333	0.764829017	0.721869249	0.678857175	0.646138033	0.578379166	0.551077365
538	29.74247059	3.794869021	4.579170967	79.77612691	295.481515	47.07176856	2.251178722	1.79910912	1.451981149	1.264122198	1.138572696	1.03180294	0.946505917	0.897482584	0.868217782	0.802579745	0.832706065	0.752494778	0.807388871	0.773361032	0.752099273	0.770304358	0.79030724	0.772564511	0.777637524	0.750879579	0.668137966	0.641160807	0.593860235	0.602305493	0.544632968
540	36.6651221	4.506162251	4.132719339	45.40530369	280.9463889	92.47034949	2.353902093	1.649587335	1.419539741	1.242229854	1.061115894	1.026606721	0.924911897	0.92292305	0.826992158	0.815214482	0.774952321	0.768460859	0.72092066	0.766996436	0.759568706	0.761343769	0.722781464	0.794467806	0.741050766	0.739621061	0.675654278	0.631894735	0.558734224	0.538365063	0.506377345
542	42.09004595	6.591974157	3.875363927	22.63884426	238.0805671	151.5721756	2.341217006	1.728041306	1.400167436	1.238498536	1.053017251	0.939294271	0.94684298	0.864011058	0.767442814	0.794836378	0.748314314	0.71039349	0.700584865	0.687202644	0.724947452	0.691720181	0.724772151	0.723166606	0.714609055	0.683433769	0.656253973	0.616777018	0.568695912	0.536805005	0.512322929
544	44.91586668	10.48765353	3.597868183	10.23749081	177.5611434	216.6616062	3.542050056	1.653689772	1.354830835	1.122023955	1.007092617	0.93775319	0.91349927	0.80247013	0.795269683	0.746458663	0.744533335	0.693215541	0.705080217	0.66290535	0.679048754	0.671083996	0.69813124	0.677521292	0.662271201	0.682225973	0.622680627	0.586696956	0.546844621	0.517811057	0.516197741
546	43.60899207	15.80904033	3.306138344	5.405466522	121.2407473	263.2308796	11.69931167	1.652259416	1.361845665	1.092046155	1.004434589	0.895342411	0.779041884	0.749853019	0.805281442	0.702077668	0.674456806	0.661328233	0.64623713	0.621273846	0.65877516	0.679291973	0.656384766	0.663015813	0.628199582	0.633946329	0.605198675	0.581462967	0.511136259	0.491882267	0.475392643
548	39.67008432	23.10863727	3.153442111	4.008782277	72.53186903	278.475503	38.23927069	1.647204037	1.322144922	1.0993997	0.951289762	0.92228309	0.791035674	0.782012335	0.743678093	0.688749788	0.644668393	0.629625595	0.597820388	0.637438567	0.658441113	0.624098531	0.640989779	0.610713357	0.605554869	0.61648266	0.570203089	0.542911142	0.509708393	0.458857686	0.45735528
550	33.47315974	30.00383144	3.390436631	3.688232114	39.43767739	263.1486331	81.49276543	1.722589894	1.291911449	1.056864594	0.971645205	0.843740787	0.788434893	0.762725017	0.691890575	0.649855511	0.671068896	0.607912532	0.590494748	0.598047715	0.575899987	0.594702349	0.595306972	0.583451882	0.608945303	0.594871702	0.542178302	0.538011671	0.48328623	0.45284193	0.425348437
552	25.61438691	36.23641855	4.270889116	3.382979929	18.84333	219.3056391	137.2357946	1.812742679	1.278198988	1.056955805	0.98048132	0.806175709	0.728235279	0.705546964	0.642528821	0.606255656	0.592090758	0.578315223	0.59474267	0.578724259	0.580969506	0.573133243	0.585126855	0.573762748	0.574701689	0.540071402	0.51554946	0.50029179	0.470926091	0.439417616	0.39244886
554	18.76947629	40.93646234	6.788072961	3.206660226	8.436535067	164.3760609	194.9071483	2.857515822	1.169044999	1.006126326	0.890447506	0.822314557	0.713174767	0.687346858	0.65332175	0.581537624	0.572415734	0.566905956	0.565905224	0.538747777	0.558879933	0.536720374	0.571744988	0.553729198	0.544842756	0.536922949	0.46410154	0.468219961	0.441571503	0.427233781	0.390364965
556	13.34412427	41.8808907	10.13241553	2.871804749	4.746789663	112.088603	233.7638752	10.18508185	1.24230516	0.964425318	0.881559014	0.738649289	0.688220596	0.625953523	0.649627928	0.598891907	0.529359305	0.531778456	0.524846751	0.560807854	0.541805078	0.531196733	0.522881247	0.558365319	0.540224087	0.504682426	0.484571728	0.463263139	0.421957974	0.386260142	0.389569379
558	8.708478099	38.93544225	15.8868041	2.835758587	3.810530985	68.79325793	247.1958199	31.3368529	1.3218415	0.992469411	0.823198116	0.721206779	0.674911776	0.656287509	0.595525118	0.511455274	0.539643684	0.513446544	0.49704861	0.506601065	0.481687237	0.497698983	0.512275881	0.478645418	0.514821386	0.468829518	0.460294682	0.447744646	0.413410115	0.379761301	0.364098846
560	5.872261563	34.58685777	22.29045426	2.852960999	3.212235997	39.08169485	233.5253741	66.24041379	1.260709224	0.978315106	0.810005814	0.709709951	0.644886875	0.61420214	0.565391099	0.524999735	0.51277522	0.506240142	0.493632115	0.458548779	0.493351813	0.475509131	0.499507034	0.496228096	0.475426892	0.493174889	0.426474371	0.412495843	0.385335343	0.378190066	0.357788126
562	3.636453285	28.44885965	28.72526162	3.199459589	3.059824299	19.61135845	198.2971249	111.8363439	1.389794064	0.950299654	0.795725227	0.636348667	0.605218095	0.577692239	0.536073679	0.529037137	0.500263411	0.494534238	0.466633333	0.480410357	0.484386992	0.487925564	0.46616185	0.434118277	0.453965922	0.460826231	0.412174669	0.385647867	0.388263306	0.336083359	0.330047131
564	2.640626702	21.32227411	34.54081096	4.234155001	2.896113537	9.124209631	151.9555438	159.3407704	1.880431828	0.942835984	0.756514553	0.684726936	0.618615487	0.551991359	0.516582717	0.507758627	0.478380688	0.435697323	0.456611052	0.433843702	0.430197995	0.434105672	0.421198556	0.451688733	0.430812168	0.453107014	0.385590065	0.384961095	0.355464605	0.333556761	0.321846504
566	2.025946979	16.2123047	36.45923149	6.538191685	2.748916438	4.64404157	104.9295349	194.4130626	6.523084582	0.931811953	0.758663607	0.642613367	0.610475851	0.532201152	0.488440128	0.487406678	0.485001455	0.452884817	0.430813547	0.427517674	0.4560494	0.444026214	0.442801738	0.425218521	0.463456351	0.410726555	0.400788579	0.382440048	0.329623232	0.327407126	0.306823998
568	1.679694657	11.47717423	37.96671945	10.07229237	2.635657841	3.518329648	66.20485476	210.0276304	21.45218501	0.946150204	0.780492968	0.666416768	0.543133209	0.523991005	0.519000822	0.466728777	0.452518859	0.435199219	0.434792429	0.407244013	0.410251792	0.410265084	0.410635826	0.43990248	0.428079717	0.398808689	0.374206242	0.366924388	0.343312079	0.303220694	0.278170626
570	1.544136411	7.971685665	35.39530166	15.22127845	2.560609903	3.135060334	36.98718196	203.1355421	48.77743505	0.956287941	0.714540794	0.583903881	0.540653601	0.533132427	0.482879788	0.426716139	0.397120546	0.398245661	0.416265975	0.374995291	0.413947	0.392169349	0.397715041	0.37477034	0.384667209	0.379526416	0.352186124	0.338239851	0.321133924	0.28637861	0.285845781
572	1.5968088	5.089807336	31.07020437	20.55715584	2.484874612	3.005178702	19.53538173	177.4419361	84.36013681	1.036062405	0.712700422	0.640583355	0.532397296	0.484640835	0.464257638	0.412650377	0.422224239	0.394902507	0.369427799	0.378445174	0.366430496	0.375446582	0.412067417	0.39021066	0.394991144	0.37213728	0.340034351	0.314476174	0.301720432	0.292783418	0.270867633
574	1.542296259	3.366555343	26.19477672	26.22614917	2.764585648	2.770529327	9.279221423	138.2629315	123.9217171	1.459529328	0.7149014	0.641626229	0.520369737	0.48197033	0.423449934	0.392174519	0.359615078	0.390402625	0.377902671	0.349277458	0.36511556	0.360965506	0.380395287	0.373586574	0.365130942	0.352385182	0.322459642	0.298164412	0.290048352	0.270154573	0.270340372
576	1.395366097	2.426875756	20.14519482	30.56895024	3.643228557	2.748155661	4.601947981	98.37176172	157.2601963	4.653943285	0.674448204	0.598882916	0.503646436	0.455979513	0.436982751	0.429641861	0.391541982	0.348094566	0.334435827	0.373403984	0.357216543	0.339426977	0.340435812	0.345882358	0.352176163	0.356644633	0.318107336	0.309304375	0.281931701	0.254107474	0.256848224
578	1.274065706	1.77811624	15.03743027	33.4111084	5.355680614	2.546378986	3.180306592	64.63168055	173.0519546	15.88412392	0.760243034	0.611237071	0.504645243	0.433082311	0.416543105	0.393737046	0.352427458	0.348936889	0.341865218	0.359021299	0.360386256	0.338974279	0.324223888	0.336144387	0.340639597	0.331615593	0.306681835	0.299281286	0.273671638	0.262443612	0.253203647
580	1.323390066	1.59978781	10.39635583	33.52957907	8.438764763	2.438804858	2.739438564	37.3383215	171.1739609	37.82105645	0.791974296	0.583333861	0.476346976	0.415036318	0.396376328	0.396588955	0.369104565	0.347537735	0.339786512	0.32932813	0.313102291	0.327021411	0.339344003	0.335297325	0.328207599	0.325788956	0.294575933	0.275483252	0.258003496	0.251845636	0.238879245
582	1.206470806	1.455451105	6.813996184	31.8734427	12.67889098	2.429882188	2.538487095	19.63045401	152.2762147	67.3915942	0.858964237	0.540468559	0.476478375	0.401404062	0.408460797	0.330046242	0.341588017	0.331321183	0.334704043	0.329758405	0.314499446	0.325538636	0.306720341	0.306153947	0.312256055	0.33648783	0.277850528	0.256059462	0.236375661	0.237740977	0.226504261
584	1.260589772	1.381051223	4.552375773	27.69854366	18.40811604	2.37076194	2.382583914	9.153840275	120.7285901	101.0726138	1.169890232	0.561265053	0.460637642	0.415967271	0.37816379	0.360353898	0.322651159	0.303507595	0.297408024	0.324193931	0.300175609	0.286426838	0.295550018	0.278328415	0.292437572	0.287767097	0.253317596	0.256823685	0.222399759	0.219635932	0.196137385
586	1.267813095	1.281225193	2.973785099	22.56935691	23.10096415	2.574545456	2.26497044	4.308847754	86.79769289	128.2255191	3.854568549	0.506849161	0.448835234	0.376674647	0.361751394	0.360345175	0.326409021	0.305872886	0.303139209	0.284866409	0.282155297	0.309324543	0.294366586	0.287773211	0.263980485	0.261947315	0.261663113	0.236740723	0.225914775	0.208103263	0.216147312
588	1.198184011	1.32863497	2.293561237	17.2258688	27.10443394	3.173425752	2.208070713	2.613620649	54.75064778	142.877916	14.0525705	0.564502259	0.423276835	0.39661297	0.346417192	0.329612892	0.304711328	0.308458793	0.280660743	0.283996753	0.270616159	0.28056607	0.273935431	0.2557689	0.283584327	0.25550751	0.230883872	0.235199278	0.205745392	0.215106475	0.195431218
590	1.139136068	1.238204903	1.757684527	12.84887725	29.43175274	4.50858465	2.121094153	2.263127092	31.36300746	140.6004876	33.24206003	0.607013428	0.430233877	0.39344649	0.364597776	0.307287565	0.276019999	0.284905379	0.275042271	0.240732855	0.262913722	0.262495681	0.268188433	0.267924039	0.265945754	0.249020115	0.239757318	0.211751854	0.205411831	0.188867526	0.181015077
592	1.12350437	1.252320242	1.513532868	8.667226384	29.72726882	7.221878261	2.111063382	2.078310721	15.13484818	122.1081522	61.66404886	0.600444772	0.414029304	0.351337484	0.33231608	0.305871632	0.274439544	0.294479415	0.241785786	0.254073257	0.245626805	0.2525647	0.250602332	0.240986229	0.264119236	0.253156841	0.211791725	0.220055502	0.212101061	0.185114921	0.184941962
594	1.105377135	1.233427365	1.341512985	6.225824433	27.72242305	10.27065049	1.997692389	1.964834305	7.349262343	96.99586431	88.60512671	1.01590812	0.435880142	0.397169515	0.326231935	0.311935527	0.293331108	0.259800847	0.248323632	0.254264103	0.21839503	0.260946068	0.253275627	0.239537165	0.22549371	0.228147016	0.221307927	0.206242138	0.19040328	0.169806293	0.17193141
596	1.260811621	1.322560095	1.279930896	3.961858173	24.36674505	14.74277212	2.10432467	1.955774337	3.407151933	67.77643432	112.1281093	3.729994361	0.440350603	0.378301292	0.304301859	0.280919482	0.280327216	0.254251427	0.240051936	0.243812789	0.228291477	0.241883918	0.216261473	0.219667662	0.232248562	0.220946065	0.212837509	0.196406882	0.170864727	0.165942515	0.161484218
598	1.090594833	1.1019916	1.273856055	2.698394468	19.73769709	19.38302368	2.142244848	1.836489767	2.102544967	42.33118845	121.9482274	13.77857012	0.424889396	0.371974922	0.282153663	0.301304892	0.261329222	0.265752927	0.230440955	0.19823381	0.239847022	0.219278331	0.23446097	0.223092415	0.213203993	0.194818177	0.182881357	0.18108332	0.165720518	0.163568043	0.157080964
600	1.109510774	1.295859625	1.24502559	2.018668389	15.39296109	22.59225133	2.71658985	1.843388593	1.724618512	24.90983131	118.5049656	29.72375242	0.475354698	0.361918859	0.312735918	0.287466778	0.243987149	0.249652688	0.225683633	0.203008982	0.216153163	0.225168069	0.214120485	0.205039549	0.180938509	0.204762933	0.194329869	0.188989375	0.167146702	0.155264968	0.149045379