Wavelength	250	255	260	265	270	275	280	285	290	295	300	305	310	315	320	325	330	335	340	345	350	355	360	365	370	375	380	385	390	395	400
300	0.51791288	0.639030184	0.79614233	2.072281793	11.05214381	12.10013562	2.149653526	1.017252248	2.969004662	31.31746266	59.85793925	24.73132854	0.542585741	0.126236572	0.087515997	0.062854073	0.059703867	0.056988947	0.056931696	0.042580913	0.042197564	0.03357619	0.03442045	0.033926339	0.031279836	0.02983799	0.031818821	0.026590178	0.021683099	0.019638943	0.01507414
302	0.571302747	0.644467709	0.736491091	1.268406614	7.553117287	14.4809011	4.498702403	0.978476847	1.147011056	14.92672005	56.16195973	44.54795806	4.680461048	0.143029544	0.093151225	0.072658162	0.070858833	0.049353571	0.042049943	0.052998321	0.044134389	0.038680691	0.033927893	0.039059221	0.030660203	0.026401585	0.020852525	0.0259609	0.020527708	0.016154883	0.017675868
304	0.653011272	0.626079357	0.872185258	0.97662261	4.606730244	14.55945331	8.311748704	1.230247984	0.864913275	5.359868522	40.90933547	58.65741038	16.88192069	0.234656286	0.114761151	0.079662249	0.064836852	0.055537377	0.048108559	0.042768062	0.043233296	0.035854722	0.035074308	0.027464875	0.038699091	0.027195918	0.030794995	0.032930727	0.028299732	0.01827879	0.01901468
306	0.778584599	0.70368252	0.896117382	0.909203331	2.731591764	12.80657568	12.17864667	2.021018036	0.907333514	1.689619539	23.07655948	61.95026768	36.36015749	1.747075647	0.142692202	0.083429586	0.061539029	0.066521013	0.041619457	0.046082655	0.04562675	0.032475062	0.034658095	0.036839257	0.031094452	0.032579499	0.030868499	0.025644205	0.023374393	0.02099889	0.018174205
308	0.799589901	0.77814046	0.985758525	0.928840872	1.601294602	9.107180423	14.8647071	4.379793815	0.873009778	0.812394756	9.17322108	51.15272783	55.65616648	9.743998606	0.175207644	0.087721184	0.07179822	0.061907309	0.054388678	0.049277499	0.046821212	0.037649449	0.034323902	0.033835734	0.034147088	0.0315175	0.024324877	0.02263357	0.019349739	0.01824668	0.016052287
310	0.880608601	0.818956694	1.087399943	1.046733304	1.340713975	5.608825847	15.73503757	7.710027321	1.112712444	0.755138098	2.920795235	32.52552102	65.21382209	26.8667572	0.751627656	0.117391173	0.08318009	0.066785575	0.056053472	0.046523988	0.035853371	0.042404863	0.031789165	0.035705101	0.02852248	0.027453579	0.026686534	0.028416439	0.021627166	0.016445415	0.016855307
312	0.929027138	0.852304178	1.087201691	0.98442192	1.25344468	3.324369065	13.86661663	11.76497206	1.872399723	0.854673778	1.034527768	15.11624814	59.73607156	48.37385474	5.607410965	0.152387599	0.087036785	0.05802422	0.056087534	0.049522309	0.038898876	0.034374542	0.037193504	0.038900174	0.029990937	0.029874739	0.027905643	0.02655336	0.019333167	0.021522157	0.017464374
314	0.959462388	1.059679173	1.11967162	1.015084289	1.264510787	2.041966294	10.10196328	14.90020574	3.794986977	0.873364576	0.738435515	4.955130023	41.90022137	64.60475254	20.2567043	0.246999728	0.104014967	0.069387595	0.067440968	0.058569686	0.035391987	0.041017744	0.031774964	0.033558586	0.034927927	0.028133938	0.02849567	0.028091766	0.025765442	0.020683493	0.018463089
316	1.016992333	0.915705515	1.138932505	1.170828202	1.327408482	1.575449151	6.259493876	15.86069505	7.372658485	1.048154994	0.748726264	1.38322771	21.18958609	65.57245356	43.76680005	2.476432313	0.126232844	0.091614157	0.060423486	0.044588213	0.050251007	0.043506861	0.037275991	0.033875132	0.034220201	0.028465736	0.025688417	0.026664222	0.019993649	0.017739108	0.021076398
318	0.984946936	1.006185621	1.415080437	1.176908644	1.435135487	1.570595119	3.821103927	14.12768509	11.2080955	1.78138798	0.706861679	0.833586842	8.64053182	53.57184807	62.39008696	11.64013063	0.172405838	0.085204365	0.057645768	0.06902044	0.051717099	0.04312913	0.040830165	0.031353994	0.035912215	0.032265479	0.023759453	0.02635033	0.021934576	0.022622173	0.021366889
320	1.247634653	1.189723941	1.28577306	1.348870117	1.433412194	1.613488662	2.41496232	10.84902578	14.92110315	3.75919864	0.803023357	0.744411139	2.567424612	31.47762158	70.76421114	32.72759914	0.754313861	0.106558309	0.073337676	0.057793673	0.049395943	0.047193119	0.040416715	0.037577012	0.033468744	0.032176726	0.035230196	0.028680273	0.030099557	0.015058431	0.016107811
322	1.130325039	1.178539887	1.436999603	1.553367403	1.58552815	1.727445782	1.844313819	7.163512266	15.89715422	7.130291363	0.957757805	0.735812001	0.898699748	13.97480441	63.43476517	56.5796001	6.408415747	0.13421736	0.084199028	0.056264309	0.057688607	0.048692215	0.053019149	0.042534814	0.039179118	0.028824235	0.029830585	0.02870705	0.026862323	0.018851814	0.016868882
324	1.359081591	1.252818671	1.661699075	1.422888766	1.647899791	1.836916152	1.915185602	4.312783593	14.54827906	11.48129967	1.745564521	0.697525818	0.72508465	4.301855524	41.55875606	72.70970122	24.53387069	0.256651545	0.104648781	0.072136963	0.056911099	0.045066577	0.048954031	0.044984446	0.038041086	0.030460253	0.027235912	0.026614012	0.023095729	0.022590308	0.021069134
326	1.294842623	1.415487328	1.614683031	1.604768598	1.752631959	1.954977331	2.079205266	2.890454262	10.87108297	14.77104467	3.790094012	0.740226935	0.72623048	1.271312332	20.65929346	71.10835849	50.77637329	2.475953229	0.151000378	0.082494907	0.056971078	0.049127566	0.044247095	0.039767506	0.040139653	0.0355985	0.025348832	0.028689832	0.022868713	0.015017882	0.016063363
328	1.473339746	1.494768076	1.621871825	1.835039717	1.878292859	2.134613092	2.003436868	2.254547481	7.305346422	15.97052733	7.275592155	0.940328991	0.703688691	0.769195492	7.741581054	54.8797288	72.32656137	13.27803868	0.179610079	0.084428073	0.069428514	0.054906529	0.048602603	0.045151825	0.04387245	0.042380386	0.032725177	0.03208775	0.024071934	0.022816352	0.01768198
330	1.613944773	1.69178446	1.783824875	1.731671465	2.114123682	2.140691056	2.146470218	2.126200001	4.435215719	14.01061388	11.6320771	1.833503688	0.741911462	0.75386834	2.006809085	30.71807062	79.58248994	37.4169221	0.710589569	0.117027434	0.068804033	0.058669836	0.050424895	0.04186982	0.050361368	0.034654697	0.030735558	0.029986551	0.020514743	0.016958626	0.019795524
332	1.624817802	1.648861178	1.817797881	1.944935472	2.147235236	2.299869385	2.366344125	2.158992746	2.941309838	10.85148424	14.65956196	3.877638616	0.801936472	0.769024836	0.935204191	13.43764038	68.70530503	62.68807665	6.177614866	0.139296015	0.085994169	0.064942783	0.057770703	0.04624204	0.036668779	0.032883291	0.038541246	0.02718731	0.032052971	0.022832411	0.018722522
334	1.855044472	1.75061374	2.028330999	1.995226242	2.332065551	2.387072188	2.488047317	2.239092103	2.349788717	7.033576891	15.95781019	7.510166869	1.097979463	0.802234068	0.772574472	4.016778814	44.69537717	79.45251974	24.61709163	0.286508628	0.10640514	0.068454111	0.057369416	0.056378897	0.038399825	0.03596577	0.030243267	0.030506073	0.033548018	0.022513656	0.014261028
336	2.1252911	1.850168579	2.091838622	2.107452251	2.47316546	2.700935993	2.658195854	2.415988557	2.203329444	4.624604481	13.98185574	11.43568967	1.929305644	0.825710071	0.807646308	1.330547005	22.03048421	78.71239748	50.59011803	2.649421941	0.127250159	0.076955256	0.065352142	0.053757469	0.047795553	0.036975456	0.038197086	0.038150888	0.029243147	0.021788635	0.012906333
338	2.025461879	1.875067817	2.221385293	2.370397072	2.475085105	2.696496813	2.618420288	2.539053025	2.201483213	2.978660624	10.79715451	14.81253537	3.938162417	0.902332283	0.858095329	0.917056806	8.223267896	62.09670508	73.94933968	14.08887937	0.193395941	0.089548454	0.068176101	0.060384755	0.046480325	0.041021795	0.037500942	0.024817658	0.029505792	0.023133585	0.022432369
340	2.185519289	2.049854827	2.501143984	2.325169814	2.613089043	2.843765257	2.832999133	2.75806408	2.439869028	2.312509213	7.384743762	15.97755069	7.581226752	1.159679534	0.886642	0.910576055	2.367611279	36.36962928	83.52950678	38.03144966	0.842285468	0.117069486	0.07758587	0.058795394	0.036913915	0.050234843	0.035040687	0.045472716	0.032439857	0.023934918	0.021924732
342	2.652575596	2.167993466	2.38637746	2.477473588	2.589915389	2.962229101	2.887285958	2.838928729	2.59983475	2.088054407	4.722492395	14.78206666	11.38915756	2.030616908	0.935761577	0.908763211	1.052665808	16.21533749	75.65425832	64.30408055	7.136308819	0.15467515	0.085417187	0.058863972	0.062325786	0.049542025	0.038794905	0.037661826	0.030379698	0.019629699	0.022432331
344	2.419465144	2.36609153	2.525662218	2.57051119	2.891304948	3.119408748	3.079013814	2.933340676	2.575121529	2.297711759	3.142409236	11.60980744	15.07800068	3.94457507	1.007894407	0.966362975	0.941668782	5.382498973	53.64977479	82.87377507	25.98882816	0.266489769	0.112035813	0.078468816	0.062168054	0.045073966	0.040106559	0.037882411	0.026916222	0.022883355	0.020258016
346	2.609525936	2.509860052	2.604456811	2.692941402	2.900013991	3.144656651	3.319852437	2.956683433	2.733563907	2.23811432	2.352403781	8.217313081	16.35468776	7.258547104	1.309116896	1.07084434	0.975181354	1.713479524	29.04966465	84.60340784	53.81338623	2.075605312	0.131694165	0.079794299	0.067605522	0.054730049	0.043326612	0.039682609	0.03170498	0.027149324	0.021376682
348	3.179870349	2.524917263	2.673098705	2.835145875	3.070566397	3.413337047	3.351432563	3.346531941	2.897510252	2.445406625	2.242547338	5.215489598	15.13921208	11.38177772	2.13712149	1.153525153	1.04925191	1.050928514	11.51398652	69.28315099	79.82178754	12.52615785	0.215746333	0.108483972	0.072900674	0.058381867	0.042133794	0.037299275	0.031269805	0.026880527	0.023175985
350	2.983904253	2.750974515	2.925851012	3.027017568	3.305319906	3.507644957	3.527566528	3.408354178	3.101154345	2.617202355	2.288457764	3.608888419	12.44300599	14.80052028	3.915298251	1.239397329	1.164690929	1.043726584	3.757172617	44.41191072	91.50016847	35.39856818	0.633208988	0.107533291	0.080974628	0.05121743	0.050908598	0.040357145	0.031805864	0.023391557	0.0228942
352	3.272748802	2.854255734	3.028746244	3.001706072	3.269900423	3.626263621	3.822615363	3.465965153	3.198751917	2.75612948	2.452331669	2.707460199	8.735373889	16.60527715	6.994678809	1.576717318	1.212451439	1.083163242	1.309276333	20.41000929	85.0661446	65.71632547	6.121933276	0.180203114	0.083753879	0.063204212	0.046193765	0.04144899	0.040271921	0.019971304	0.023157373
354	3.551746403	3.011920248	3.06114068	3.347954443	3.486321506	3.721707741	3.912070291	3.698513898	3.358922671	2.849955401	2.591995511	2.518607188	6.046006561	16.20041483	10.94681626	2.235645531	1.403594691	1.230278399	1.136262039	7.707149284	63.06433255	87.23497743	22.65263403	0.276007169	0.107987455	0.070866348	0.061288984	0.054109588	0.036540185	0.030159349	0.027424552
356	3.845764004	3.10227421	3.134115923	3.409832047	3.820011064	4.001728845	4.058758256	3.958345475	3.500523715	3.191544052	2.699661275	2.49529963	4.113349102	13.45390209	14.91525022	3.818101137	1.58631343	1.345816276	1.175076152	2.355330222	34.88538506	93.38174113	52.66330571	2.300338807	0.148564357	0.078676729	0.063040937	0.050187048	0.043658681	0.030872839	0.031062688
358	4.143240585	3.211660152	3.427794455	3.598289585	3.972359156	4.140468757	4.210562769	4.047021804	3.775611541	3.201380468	2.969125454	2.706463632	3.357787255	10.20824082	16.91471451	6.69879677	1.793840271	1.50389789	1.218403223	1.286567882	14.81581005	80.97438748	83.16649409	13.68369251	0.215915363	0.100804866	0.065556046	0.050012012	0.037895213	0.028221324	0.027681894
360	4.190188689	3.545276846	3.598198953	3.71723029	4.062599206	4.358575487	4.309935823	4.173998199	3.854841085	3.495623964	2.984929458	2.859097492	2.922472049	6.839570573	16.81203851	10.80852935	2.501124055	1.648920931	1.342659596	1.126535823	4.667277568	52.87077741	98.62500578	40.37106537	0.622488389	0.130537573	0.067462402	0.053457548	0.038760109	0.038192874	0.027919822
362	4.43546239	3.787306583	3.589346258	3.902954478	4.38370199	4.443327757	4.373912057	4.352234173	3.997570878	3.619629812	3.394631465	3.008206069	3.028737542	4.947736855	14.54196471	14.61347992	3.863964983	1.803821668	1.534239817	1.237464433	1.695031743	26.40861642	94.89838999	73.09564283	6.128361667	0.187137875	0.092935393	0.059539877	0.041685222	0.033853615	0.034804044
364	4.703635979	3.692267417	4.018244104	4.062715109	4.381932432	4.679868753	4.663495652	4.597342383	4.265488367	3.802833725	3.53363132	3.24329042	3.132203052	3.934956213	11.11807116	17.20148713	6.653739695	2.038513227	1.65033015	1.33898307	1.232260354	9.570887844	69.20528776	96.40053012	26.72483615	0.318772039	0.114167464	0.071521142	0.046558643	0.035188692	0.025022392
366	4.992075884	4.229921934	3.866017656	4.275443431	4.538653066	4.680520254	4.782300552	4.583365117	4.412446684	3.998011243	3.755820906	3.572316078	3.449481888	3.676489296	7.856833645	17.24611116	10.56249375	2.571713797	1.794739712	1.452593013	1.192917543	2.791406381	38.93096659	101.3666493	61.37867245	2.826620775	0.127844435	0.089978674	0.05261949	0.044600661	0.025022363
368	4.864738947	4.334258546	4.280996598	4.422961443	4.66765073	4.852516756	4.860432994	5.02121079	4.561833401	4.14413127	4.039429595	3.758016858	3.558549585	3.669889852	5.781462564	15.408212	14.29629289	3.687559006	1.947291736	1.566159706	1.325005986	1.305152124	15.82953146	84.18028979	92.79148767	16.36230916	0.207990326	0.097486583	0.065014611	0.043830598	0.029283795
370	5.359496512	4.45828878	4.407378068	4.450797767	4.980696205	5.344979305	5.051542033	4.8704616	4.607829788	4.450760263	4.209141442	3.957235153	3.88879549	3.75865808	4.639857681	11.83059796	16.99881262	6.02876664	2.229233637	1.687867637	1.420072958	1.203434166	4.755310283	53.80390115	107.8249416	46.91728472	0.777315613	0.135628686	0.068825686	0.041185103	0.039308862
372	5.519723785	4.683794277	4.707775014	4.50143806	4.997133739	5.198171944	5.250951447	5.069977291	4.832093074	4.558787442	4.347952915	4.109938206	4.059849727	4.026844949	4.204714247	8.693246177	17.48576932	9.198525897	2.635110007	1.876310067	1.560065599	1.235689198	1.640426599	24.80650673	98.78848867	79.75609754	7.71930652	0.178850818	0.080386125	0.04618031	0.035883453
374	5.527272492	4.839052415	4.577101024	4.603114997	4.995825659	5.205518293	5.446630227	5.286439565	4.908362861	4.707150484	4.551857273	4.384862824	4.235058927	4.244900341	4.216422501	6.443668968	15.92502215	13.3487226	3.575810484	2.027582955	1.678837049	1.34641386	1.161017456	8.291426692	71.45583921	101.3950859	27.76652722	0.302884846	0.085141883	0.0571075	0.036515236
376	6.165158179	4.881725488	4.772419622	4.816586049	5.346337888	5.53696323	5.535215297	5.40111331	5.106331963	4.802316619	4.612587553	4.416896676	4.448431853	4.479933752	4.343103265	5.256277875	12.75811812	16.34551183	5.390305546	2.219266426	1.794046258	1.443917403	1.190529943	2.381785397	38.21476403	104.1158178	60.83115081	2.659068597	0.141134788	0.067454474	0.042679721
378	6.416337243	5.451101399	4.915650789	5.216975819	5.247307652	5.548317857	5.773813528	5.616539804	5.295353362	4.932458503	4.682376988	4.697022795	4.775007242	4.559591794	4.546438986	4.700040013	9.368008417	17.40592711	8.371611843	2.661037758	1.91191861	1.528392114	1.262632962	1.25247622	14.35393517	81.8857315	92.3220947	16.3811506	0.200889224	0.082004877	0.041635377
380	6.471763623	5.590781947	4.939132942	5.125762554	5.485801218	5.563682166	5.809853023	5.6535168	5.485506421	5.05678624	5.039273393	4.907518606	4.78868778	4.803194492	4.590511963	4.800324791	7.043281983	16.09860071	12.36830397	3.428361005	1.996427113	1.694545966	1.355501075	1.145949042	3.922163613	47.52378431	107.2637905	48.80708683	0.691562823	0.096085478	0.049415615
382	6.90362259	5.395168705	5.303088941	5.249056106	5.580405359	5.956389458	5.883189586	5.739686266	5.571761719	5.396352885	5.096437717	5.165437847	5.017961487	4.989943987	5.030880673	4.790546694	5.661473945	13.29629591	15.47125724	5.196786988	2.23520455	1.80992431	1.416673394	1.118833221	1.368728714	20.17566188	97.55254819	84.10712497	6.629184564	0.135383534	0.067134379
384	6.891352257	5.445869028	5.281879082	5.510697649	5.888008968	6.046596757	5.967509537	5.882644328	5.620096124	5.375978548	5.324840588	5.177928963	5.118646651	5.188752151	5.231657584	5.047819241	5.193512401	10.08850777	16.92543814	8.05818388	2.583002201	1.880477996	1.521497043	1.242482452	1.099280904	6.130697573	65.82933984	109.0327485	26.05537495	0.233810829	0.081821191
386	6.978220287	5.723137669	5.642091964	5.482717412	5.753011834	6.186395705	6.209400387	6.024036606	5.610194508	5.488463399	5.290779165	5.36005344	5.453720187	5.353624732	5.300985038	5.123624897	5.106859474	7.359816321	16.14883235	11.72617195	3.378013489	2.043749198	1.653614235	1.332203173	1.112422541	1.629730928	32.16989359	112.6321904	61.43991738	2.150740835	0.117791034
388	7.249365357	5.880171065	5.781806642	5.593670058	5.902873555	6.278991652	6.12650407	6.038311448	5.929809319	5.585779064	5.543760172	5.65003286	5.410437417	5.445730179	5.460522818	5.308904864	5.070672939	6.122892868	13.68735772	14.64115181	4.76430896	2.202730257	1.746835199	1.459356154	1.094131235	1.068731814	11.72711978	93.78186911	88.36206962	12.17774974	0.17763168
390	7.202256273	6.366415796	5.94246108	6.004179819	6.253122888	6.252690544	6.236204493	6.407240783	6.099382282	5.690808706	5.663297267	5.656372675	5.689283387	5.601729608	5.562664269	5.434832766	5.226486323	5.406606273	10.60435366	16.34588195	7.436731319	2.483619242	1.838063573	1.583255899	1.203704681	1.070948566	3.045704046	57.44500282	100.2891414	36.06434141	0.525246283
392	7.275651811	6.375466933	5.943004259	5.870293636	6.024160297	6.467582516	6.343841724	6.318036302	5.998662801	5.811267755	5.783673804	5.712973752	5.793233943	5.784145604	5.662451431	5.631858244	5.30506236	5.11780589	7.830219212	15.9046564	10.687468	3.139138233	2.034234931	1.643276507	1.284129246	0.984710042	1.100066222	25.78264271	89.99385351	63.73495702	5.410511953
394	7.603777609	6.675393935	6.233304169	6.126154434	6.412726279	6.465330306	6.563689239	6.301194419	6.327997946	6.017766292	5.812868301	5.888452796	5.960599546	5.950429048	5.804763162	5.673377159	5.496641682	5.081676734	6.419958615	13.69771375	13.60139853	4.329390568	2.143198892	1.681898969	1.348628614	1.053371921	0.987238735	8.23208945	61.34570801	82.4471921	21.47315687
396	7.713971121	6.964748718	6.382347165	6.170503967	6.404038665	6.715771286	6.548968555	6.44695009	6.296655364	6.040782716	5.819890378	6.052990918	6.180784305	6.053834733	5.987852624	5.815895981	5.443290263	5.266962666	5.392321247	10.93686442	15.6528627	6.546126833	2.41552481	1.842164106	1.494094068	1.127080945	0.94473738	1.903249768	29.51136795	84.79621832	47.33968256
398	7.771336	6.747216249	6.431756338	6.455165282	6.447305633	6.690426542	6.635895095	6.363738515	6.199669663	6.033048332	5.953993926	6.019237094	6.143173285	6.133704663	6.107614884	5.893187221	5.558416902	5.254250179	5.061941247	8.215225945	15.58051776	9.519861442	2.904105886	1.919845326	1.580341966	1.203006242	0.974355195	0.985210971	10.74813398	68.73934473	70.19833257
400	8.265241803	7.153803615	6.583477232	6.422527535	6.289917551	6.656728602	6.670244356	6.63309087	6.274047062	6.129272435	6.096329102	6.007866375	6.110718941	6.207806451	6.083213099	6.08419109	5.712484283	5.379075893	4.916173346	6.52318672	13.85512043	12.37348294	4.012416645	2.065497201	1.677278104	1.299445433	1.009380733	0.850778654	3.116697858	43.69936268	81.35308356
402	8.325743416	7.057988526	6.766647362	6.658697205	6.749484134	6.669008722	6.663799784	6.618190186	6.329099567	6.179508278	6.124359994	6.018995638	6.104950656	6.301500959	6.229898999	6.044549979	5.858627228	5.430821328	5.012234171	5.337032226	11.23538174	14.64764737	5.808930731	2.273668273	1.74753971	1.352649549	1.081734808	0.907522147	1.072943906	20.28804998	75.22035282
404	8.424944342	7.014605005	6.702197565	6.782626419	6.832661202	6.858745552	6.969812408	6.561882908	6.503556505	6.215441179	6.080861268	6.119056593	6.217958588	6.166831516	6.159822878	6.108880451	5.907917791	5.512208822	5.101149949	4.922939202	8.511186033	15.12754914	8.409984032	2.706806574	1.818656093	1.479082141	1.139665575	0.89667787	0.850232668	6.690201502	54.80900662
406	8.318330415	7.292579009	6.960613496	6.776257788	6.983951165	6.833630616	6.889205935	6.594492106	6.588446859	6.261972421	6.146244095	6.119086999	6.209868931	6.197743592	6.221268775	6.026662748	5.821805163	5.557417863	5.061473731	4.710845952	6.608688475	14.11897407	11.11338754	3.565491609	1.856934906	1.521211085	1.200131333	0.895568507	0.780439677	1.90914477	30.1906961
408	8.481030769	7.688599706	6.791075072	6.851897432	6.788484906	6.877099256	6.960366836	6.67003889	6.512260292	6.190216345	6.074695265	6.041632659	6.258929658	6.30609916	6.227042308	6.102090498	5.818685249	5.571608335	5.048780742	4.69673331	5.394172882	11.7146909	13.51748677	5.149814454	2.080154718	1.603907791	1.268067058	0.998906532	0.764508907	0.863275809	12.07895336
410	8.622180301	7.728003004	7.014885552	6.922172074	6.829475438	6.868828734	6.839044991	6.689156288	6.317553193	6.271097718	6.108622348	6.214024096	6.359729757	6.23113296	6.167909231	6.225266221	5.942725844	5.693316232	5.244689645	4.716737271	4.686247733	9.114083834	14.44814039	7.417189591	2.309823785	1.661040594	1.278548	1.063301891	0.784558044	0.757498257	3.78832755
412	8.558563142	7.712481999	7.246328071	6.846198534	6.906857061	7.024224973	6.920452006	6.570599369	6.574741846	6.22802008	6.096547234	6.186928067	6.1978279	6.165678822	6.125783053	6.117905778	6.004597476	5.644601678	5.247016698	4.713155633	4.512879408	6.979165292	13.92183878	10.10035096	2.980462232	1.752551966	1.401896871	1.077269912	0.810448873	0.719833038	1.133214351
414	8.687886511	7.518793711	7.411636421	7.124507524	6.844795024	6.942605589	6.801328571	6.694782976	6.367097444	6.13816323	6.099486719	6.093151243	6.162252929	6.130187849	6.267398932	6.210112012	6.00093161	5.54066468	5.291801978	4.803248195	4.487579828	5.482545903	11.80245487	12.4988368	4.296892053	1.89640664	1.447708835	1.158401215	0.865402752	0.699307735	0.745199145
416	9.257481775	7.664004004	7.292291721	7.225024921	7.073787368	7.034751656	6.884076262	6.507655472	6.469021737	6.209694465	6.07780653	6.026938627	6.126013	6.001779247	6.096419288	6.023960124	5.912519218	5.615156203	5.274579532	4.795470232	4.332159035	4.615399968	9.408569161	13.71319981	6.206984996	2.170742754	1.501143246	1.188237361	0.954481099	0.717548054	0.671252762
418	8.927576906	7.756054711	7.406826181	7.193623204	7.348470101	7.016372862	6.749927785	6.537697573	6.471938948	6.228145497	6.139112621	6.021882578	6.117066149	6.053521106	6.115367065	6.031264837	5.950863149	5.61949329	5.183614439	4.841556775	4.360917661	4.284189807	7.099744306	13.33502873	8.768220123	2.607956632	1.572842392	1.220217524	0.962676776	0.777299723	0.658976187
420	8.853045634	7.942470932	7.391739881	7.071394743	6.959380367	7.083546408	6.719384888	6.57305256	6.238612008	6.244068462	5.944644384	6.003093165	5.965336968	5.972180944	5.979849562	5.957902119	5.769923196	5.583610028	5.203117083	4.864562806	4.434611899	4.161396692	5.359210578	11.66438374	11.1366017	3.748801557	1.72450573	1.341567451	1.046895606	0.827202632	0.640699907
422	8.752165658	7.652923511	7.487787497	7.234127524	6.986607254	6.971661222	6.57995791	6.385803387	6.330134393	5.958644598	5.837294482	5.836394833	5.994001194	5.879152705	5.994265475	5.923278608	5.733768771	5.547755852	5.142397177	4.886636889	4.452021714	4.110182965	4.519163626	9.319995399	12.61629809	5.422109919	1.889492894	1.389550773	1.093431516	0.843000443	0.667580875
424	8.529302904	8.078078274	7.735700223	7.261437831	6.954492043	6.734732328	6.724823552	6.494712289	6.009413421	5.846257183	5.768096363	5.803733815	5.855607058	5.728266719	5.798178436	5.782382847	5.702425156	5.440530173	5.136601582	4.761702399	4.396403294	4.090450359	4.090412223	7.0836645	12.45833041	7.490783332	2.235510414	1.444280916	1.150302922	0.907022237	0.689859359
426	8.95639577	7.819901467	7.358199525	7.253291566	6.934602319	6.701183271	6.768572426	6.161423805	6.117593918	5.980175169	5.725522046	5.742753831	5.797451932	5.818938798	5.683570421	5.687644678	5.53015368	5.314493639	5.070988158	4.76614316	4.353120879	4.091680655	3.886231976	5.279552656	11.26242036	9.706555451	3.028948323	1.501552225	1.155414475	0.943538401	0.744632787
428	8.857051818	8.246120626	7.538720554	7.394709655	6.958108782	6.761760741	6.581869371	6.274037702	5.916555661	5.851330953	5.534973066	5.592878657	5.600233893	5.6872853	5.580103843	5.553731445	5.638970463	5.280249108	5.000250087	4.698172757	4.350918781	4.074228558	3.809264162	4.275574364	8.862830079	11.15145312	4.488449019	1.609124719	1.223142679	0.96257487	0.790663195
430	8.487271377	7.884843716	7.481055021	7.282885431	6.934093926	6.833446557	6.412940203	6.105132321	5.910891355	5.590477351	5.679990807	5.613709876	5.449244554	5.399855213	5.478180046	5.512309002	5.363661466	5.2156891	4.909069916	4.654617399	4.451938323	4.124915093	3.794871475	3.705498335	6.868146536	11.53265159	6.275868975	1.950456012	1.255942399	0.997521976	0.829899366
432	8.630211753	7.857202932	7.515055458	7.069546907	7.014434212	6.856680323	6.317067982	6.009764402	5.858185624	5.619699436	5.347810732	5.421781595	5.428201158	5.480970858	5.390832426	5.404843293	5.274641182	5.214818547	4.882235044	4.569340898	4.396127693	4.061500801	3.803862848	3.620663505	5.132929583	10.36728195	8.253205992	2.514914351	1.318152159	1.056673066	0.859850531
434	8.458853182	7.632579326	7.390489792	6.860589199	6.781893052	6.50288878	6.284948137	6.161778558	5.738522124	5.323598902	5.293678428	5.256593772	5.187622095	5.207520646	5.130381494	5.142674666	5.143356643	4.990253091	4.801430609	4.666916593	4.289167755	4.069332032	3.777773104	3.545768101	4.064888118	8.470557301	9.670300081	3.573512223	1.389786432	1.087169372	0.879574509
436	8.166921622	7.614764039	7.341245626	6.88406787	6.677254211	6.705636814	6.255668458	6.029938693	5.699811717	5.438171312	5.139749916	5.277152319	5.221387743	5.152676385	5.098442501	5.113037843	4.952149661	4.820521104	4.810714062	4.466111981	4.219314832	4.010302463	3.786808031	3.521459213	3.495451805	6.437975602	10.18092409	5.112629507	1.607928452	1.126587491	0.897723732
438	8.145442735	7.594525511	7.631270889	6.972010359	6.915071829	6.666675165	6.191650432	6.001079023	5.423612937	5.353384293	5.146697995	4.942254512	5.051318661	5.000764141	4.943321764	5.084744992	4.912724805	4.809520675	4.648222513	4.512255171	4.194441198	4.06854674	3.720033165	3.54923312	3.300920929	4.740480225	9.407289822	6.905715863	2.029444368	1.184266753	0.948147184
440	8.21109555	7.576415746	7.331534101	6.781028642	6.665994237	6.675333591	6.143000961	5.730640959	5.535280705	5.170825734	5.120499636	4.83557913	4.857664213	4.948134437	4.858659791	5.001840847	4.722981701	4.701023458	4.500934525	4.392851416	4.147130152	3.948530519	3.725344254	3.446595754	3.216215567	3.699049408	7.858437441	8.244876664	2.853996447	1.240784589	1.001373327
442	8.111783757	7.622362236	7.072990676	6.994043341	6.861763211	6.598584635	6.183489142	5.644452016	5.334410749	4.957817956	4.800655079	4.731490832	4.874725745	4.737836792	4.647397796	4.785345965	4.65669171	4.539390258	4.500470438	4.260920301	4.061266878	3.99179028	3.651871843	3.452694103	3.153284305	3.204838142	6.062715656	9.014946415	4.02626822	1.400939802	1.011780988
444	7.942163558	7.83931872	6.977375222	6.94823991	6.468108728	6.18694427	5.909417818	5.639847371	5.123434218	4.882523208	4.709950296	4.579204261	4.575221151	4.717739495	4.585169665	4.634054448	4.63062101	4.316902537	4.404774654	4.105426925	3.971805475	3.867799918	3.69036378	3.444468402	3.145348143	2.896509421	4.523627549	8.538406598	5.48994176	1.691753743	1.088863787
446	7.563338949	7.340589498	7.074734076	6.712977101	6.46771121	6.248584364	5.906881775	5.456074805	5.089119397	4.801787301	4.610146397	4.530984025	4.437904927	4.429318657	4.420857475	4.457328446	4.360247933	4.313166371	4.246689782	4.082317477	3.947749721	3.733999494	3.618465211	3.432415747	3.136690512	2.831625126	3.464286954	7.275666691	6.811528159	2.229062966	1.07974796
448	7.162512807	7.100033158	6.941381989	6.656979403	6.662259485	6.371087458	6.017036648	5.399384407	4.948960568	4.631542682	4.481967218	4.385416306	4.337466828	4.304916989	4.332836601	4.308180492	4.188666739	4.208087764	4.187870647	4.036942491	3.906545908	3.749820881	3.656513398	3.358229581	3.104879914	2.843268164	2.88226666	5.755656856	7.668519245	3.165291017	1.227680711
450	7.464270081	7.196011191	6.603801788	6.63105151	6.628246285	6.06209898	5.740714036	5.274423508	4.887072654	4.510253649	4.283716257	4.243117033	4.232967465	4.194881566	4.137951086	4.228962722	4.245437924	4.191086648	3.989920214	3.977167053	3.779891616	3.661650808	3.473683363	3.354305403	3.123122451	2.853510598	2.637656552	4.333932019	7.65213483	4.320300995	1.432438942
452	7.52271082	6.860378955	6.594515404	6.362833256	6.354451102	6.024542622	5.661924066	5.25819902	4.792739248	4.417599717	4.185775785	4.132355896	4.167627396	4.10317929	4.060109848	4.085452155	3.972403123	4.013180736	3.915724729	3.846578488	3.751805024	3.610615899	3.493850926	3.276074369	3.03855586	2.795533602	2.456012577	3.332658468	6.969542036	5.534585519	1.897043234
454	7.350173406	6.84839943	6.373542632	6.397545879	6.43887377	6.014661418	5.587243243	5.023126572	4.731717541	4.45734161	4.178247793	3.960338538	3.96771203	3.859189948	3.927895533	3.827665985	3.948582965	3.817545503	3.787831859	3.670401565	3.664726621	3.50379288	3.399538181	3.255934212	3.006827816	2.704903214	2.402967049	2.690056723	5.79591006	6.503234936	2.538715399
456	7.170746459	6.846655238	6.512773627	6.087177636	6.140863928	5.953597789	5.350018433	5.067657656	4.73717483	4.298588118	4.075518047	3.947079117	3.930251772	3.847115464	3.813498852	3.762409737	3.804069235	3.663439749	3.730404059	3.623121876	3.597462452	3.43545533	3.275014111	3.227992542	2.988842686	2.692388885	2.444596584	2.369733224	4.427417802	6.880382751	3.540498048
458	6.503607607	6.629038911	6.374924538	6.404497579	5.993673481	5.897763043	5.417342868	4.91656452	4.413770599	4.203407439	3.905615417	3.780610929	3.748893103	3.726223783	3.705490174	3.750721447	3.673606761	3.576714064	3.506291885	3.49201596	3.514659888	3.380641707	3.330046072	3.176866014	2.921046972	2.683513381	2.332798097	2.23724889	3.385802446	6.530770499	4.611861906
460	6.423518045	6.217510464	6.514010178	5.914714589	5.738542447	5.769754688	5.17374228	4.813999304	4.33868223	4.012231332	3.717295598	3.704670842	3.672558758	3.537327215	3.552426647	3.530388953	3.555784256	3.435687981	3.486498645	3.433474846	3.354995117	3.314881096	3.208222789	3.094609726	2.850169963	2.665157441	2.339328891	2.1446	2.631809045	5.640204465	5.484225301
462	6.39125274	6.379712384	6.305044134	6.050768788	5.788963255	5.520962369	5.111393297	4.617284214	4.246026647	3.911450201	3.717369091	3.60721544	3.529696375	3.45849823	3.501504782	3.460122192	3.368130513	3.411003573	3.388188994	3.385290797	3.183455761	3.171964933	3.226111366	3.065282303	2.866822294	2.598258849	2.333694495	2.117146031	2.182730983	4.603897756	6.031351912
464	6.76842501	6.538933843	5.982212796	5.987788807	5.727991885	5.520425266	5.228648492	4.548584288	4.111942466	3.772161942	3.537475703	3.422528512	3.482128357	3.392157418	3.384790568	3.343410293	3.292875977	3.349944727	3.240241342	3.168406079	3.160210611	3.137905441	3.068735231	2.970667261	2.822224847	2.546029432	2.320360439	2.111148565	1.975370763	3.417301809	5.945057105
466	6.199815778	5.995816825	5.983736282	5.939181283	5.598291853	5.422249459	5.03190651	4.522230419	4.000085551	3.699075609	3.410426783	3.409374037	3.31847438	3.184113651	3.252380193	3.262680594	3.22862515	3.199941686	3.209417567	3.114486511	3.134208459	3.096301786	3.058121977	2.880250508	2.767962077	2.572234019	2.270572609	2.062720938	1.870417252	2.583059681	5.371997767
468	6.423630942	6.028809934	5.64836861	5.743983053	5.552005267	5.430128894	5.030693256	4.392813419	3.909678437	3.769473688	3.457419797	3.268901892	3.245712131	3.16466126	3.120230877	3.132643974	3.035738678	3.113491255	3.056758339	3.013172869	2.994752555	3.022049891	2.985688739	2.888735354	2.756926724	2.514795433	2.222773537	2.000317615	1.854626949	2.102102231	4.395829736
470	6.327702642	5.947028913	5.745882153	5.699605707	5.452134333	5.355901215	4.857949861	4.172360339	3.917795914	3.577848183	3.378405635	3.148282987	3.127444074	3.049491181	3.082100198	3.031501586	2.974814111	3.017212023	3.007240352	2.932118183	2.897171142	2.970256052	2.960069831	2.770687414	2.663462612	2.51803349	2.257964598	1.97222253	1.790430842	1.794735114	3.360737578
472	6.318863453	5.912629352	5.656632918	5.448247518	5.294093955	5.254453364	4.742953708	4.33892922	3.817339588	3.41603782	3.208601766	3.063946883	2.957740069	2.977307346	2.919405463	2.923805087	2.84913364	2.990054376	2.890157057	2.862151266	2.824483058	2.861171116	2.782035773	2.822950268	2.64581821	2.447469459	2.163273242	1.964741752	1.742451113	1.668480264	2.573787269
474	5.783701341	5.748029836	5.459939593	5.248512082	5.342929585	5.172536263	4.495221392	4.233787813	3.719827491	3.454034813	3.184345555	3.020287537	2.983738585	2.856899985	2.803148708	2.738704471	2.731228647	2.742954799	2.805599978	2.700632935	2.750761502	2.850279386	2.788905842	2.705300981	2.594073892	2.394812099	2.217801689	1.894588463	1.759359136	1.599662652	1.995993635
476	5.662583599	5.49698252	5.582795645	5.525527336	5.06653503	4.768321024	4.663868863	4.101944286	3.635625859	3.292915898	3.016520408	2.945576723	2.841354985	2.733273651	2.694709916	2.694953326	2.716602191	2.695295357	2.712028941	2.649991373	2.665639211	2.661486863	2.658972112	2.611810686	2.536033968	2.311842587	2.115852528	1.904637591	1.709457985	1.564798396	1.667818078
478	5.639520171	5.47609913	5.273406816	5.081248202	5.171527574	4.870960788	4.299550716	4.03565928	3.393702218	3.225358015	2.952757928	2.790165934	2.753814954	2.676887196	2.616433584	2.569056017	2.657734978	2.615284063	2.587034217	2.592581847	2.614121161	2.549294162	2.6509761	2.558543299	2.470022095	2.273319139	2.030851918	1.873676238	1.656503911	1.524304141	1.494100072
480	5.634377338	5.32328161	5.081967828	5.078452469	5.00136359	4.597726576	4.247964079	4.027924749	3.534040335	3.116492217	2.857638116	2.734566807	2.61551307	2.618989987	2.578638757	2.459861427	2.516880209	2.456883091	2.529082489	2.483422899	2.495711824	2.522122303	2.555532125	2.439649696	2.306289046	2.195448463	2.072891615	1.86340128	1.645248805	1.44385121	1.420677511
482	5.695335589	5.044658212	4.791291693	4.993271559	4.902987679	4.737808558	4.218306029	3.706961091	3.334026727	2.944802008	2.780061089	2.590497329	2.531843019	2.53913745	2.539406379	2.441115429	2.356078392	2.408124215	2.383554263	2.370712888	2.396811382	2.389563875	2.400046911	2.389016396	2.343965514	2.132637656	1.9505982	1.804361509	1.637364043	1.418796948	1.377704006
484	6.753856807	5.188476114	4.911024109	4.680217231	4.681967074	4.41520226	4.073201643	3.645094405	3.302077991	2.859507219	2.569509588	2.564447394	2.486406761	2.431934037	2.269869744	2.315632628	2.288690315	2.254597364	2.296018728	2.276245876	2.33031336	2.346367244	2.302895188	2.35697435	2.174435823	2.104884761	1.912202227	1.748676695	1.58514914	1.427851918	1.312500426
486	13.41247554	5.068467302	4.6689166	4.722285855	4.462722143	4.378210407	3.988348268	3.527760451	3.124027689	2.760441218	2.637706514	2.46321489	2.392086428	2.269906722	2.30145185	2.194554825	2.192874694	2.204691115	2.250841235	2.250185542	2.286416213	2.228554365	2.243679903	2.251136777	2.159481588	2.048171276	1.927068348	1.745337376	1.553916595	1.379296802	1.277296937
488	36.07786562	4.75543764	4.582092737	4.401887137	4.449694038	4.253367935	3.956938628	3.571982255	3.031033753	2.687282232	2.45711701	2.411234165	2.26949819	2.208311067	2.1627547	2.153959285	2.154976062	2.108396228	2.169144564	2.193750427	2.124516595	2.115554205	2.175499355	2.194371661	2.136461733	1.952554162	1.849289002	1.684041475	1.481615602	1.373645755	1.236622075
490	78.05199947	5.054634494	4.357638522	4.410786208	4.416026579	4.195901578	3.68262451	3.303025105	3.00244005	2.732714064	2.351786148	2.300273935	2.111463541	2.121676296	2.104339067	2.06710705	2.049668645	1.997370505	2.051832041	2.039130689	2.061701449	2.052104608	2.124465473	2.143787753	2.015888445	1.94481731	1.798824425	1.625964931	1.467432781	1.337307052	1.21884533
492	136.7678333	5.101700139	4.569603217	4.197631296	4.231430194	4.033207269	3.580870247	3.447457937	2.925479012	2.676352706	2.28700621	2.227275845	2.045664942	2.093683693	2.022584376	1.975094451	1.987992749	1.922118142	2.012531157	1.972327268	1.977049743	2.040987392	2.006562346	2.018983239	1.966910952	1.910450427	1.757581519	1.556871103	1.43789734	1.282522605	1.194959592
494	207.9849665	7.031691694	4.466976063	4.114224129	4.101541909	3.95326107	3.544371094	3.144938732	2.755226206	2.436524085	2.225723361	2.171028579	2.079657117	1.955477469	1.918846182	1.950348875	1.870309243	1.907357765	1.845385794	1.861258867	1.905225078	1.908581913	1.947652486	1.959449773	1.870486069	1.823921837	1.713082395	1.52635431	1.376253435	1.305651285	1.148929081
496	275.1677858	19.64445832	4.258144028	4.035733875	3.983342322	3.849035242	3.422865893	3.140217892	2.81563116	2.448097668	2.118309206	2.052100901	2.041869643	1.968147052	1.851358565	1.752581911	1.820576099	1.795784236	1.79320017	1.829624203	1.848889067	1.80804409	1.913771963	1.927120972	1.83094172	1.800607673	1.636464908	1.506924225	1.392240928	1.253221387	1.145500176
498	311.9843366	50.98385499	4.195770336	4.112527739	3.911125826	3.734961218	3.265106623	2.953932915	2.660596413	2.259729355	2.127686061	1.974932592	1.875979485	1.85531748	1.788016975	1.752492106	1.731120741	1.745479217	1.719574642	1.750853234	1.739740538	1.765464573	1.818285898	1.782369043	1.749661831	1.743722139	1.626866405	1.457473993	1.33457116	1.245301947	1.10412082
500	311.6651109	104.7416722	4.403629294	4.092144358	3.83919377	3.48363458	3.294204001	2.894573878	2.478369323	2.258186838	2.008684233	1.97511481	1.815467902	1.817677437	1.744343987	1.735337259	1.663377128	1.680191911	1.710203254	1.68729388	1.75368813	1.724185432	1.718773306	1.723926228	1.724555825	1.65614053	1.550606045	1.436163163	1.296293304	1.209450248	1.092192679
502	278.5784651	179.8484096	4.569165853	3.704974763	3.709512137	3.565547916	3.242844725	2.868841919	2.422933927	2.24303325	1.911501939	1.856352346	1.82886633	1.719842548	1.691588385	1.637039496	1.588051668	1.634234856	1.617272693	1.642769133	1.575295581	1.700592147	1.657819035	1.655098284	1.713642493	1.536001049	1.516309134	1.343221029	1.22860914	1.188064835	1.049353271
504	221.7280388	263.8631598	7.968434475	3.624075618	3.866658878	3.357805259	3.124608633	2.670519346	2.420683275	2.098603984	1.954219182	1.768802267	1.720320903	1.687159493	1.527646719	1.590237792	1.571597185	1.505236359	1.564275135	1.558088281	1.570823375	1.590794693	1.693550365	1.618884835	1.644232527	1.54140713	1.414980968	1.324035445	1.243601537	1.108712801	1.01626235
506	157.2143927	333.5241184	23.47039166	3.738890925	3.49320952	3.315420074	3.101161493	2.71006026	2.281594648	2.107412307	1.946232111	1.740726504	1.637033936	1.590868401	1.50053861	1.530702087	1.485582334	1.495400637	1.452765285	1.494710215	1.531611462	1.550526646	1.566810715	1.538218866	1.573110089	1.496682479	1.395254158	1.283018292	1.136491386	1.120600791	1.013910178
508	103.7300889	372.4515138	57.1983418	3.888101963	3.523176443	3.06242725	2.904254984	2.572551346	2.343798786	2.073655174	1.816553911	1.659758474	1.592051524	1.561746095	1.449144198	1.424511371	1.500368002	1.423698	1.390178847	1.484665985	1.495207415	1.504246418	1.543755704	1.543341404	1.496725081	1.458506825	1.328263863	1.283503587	1.131038663	1.066891136	0.994955437
510	62.52682512	371.4293023	108.2843872	3.80640351	3.432180488	3.115921287	2.947916811	2.595241819	2.26338603	1.966682751	1.792927526	1.59178925	1.523145827	1.447283614	1.410058179	1.410813234	1.394206737	1.360117217	1.414227046	1.386753863	1.38953954	1.429107746	1.442005692	1.459156116	1.413611797	1.414692136	1.321014563	1.224090684	1.13042161	1.016439259	0.95898918
512	31.82217216	329.348493	176.7858242	4.067457127	3.335530841	3.115555261	2.820057215	2.618850681	2.147439478	1.854498763	1.724639878	1.60350833	1.505552254	1.452240111	1.351800616	1.374912328	1.337814616	1.352570129	1.339325889	1.325466967	1.37715318	1.368474958	1.412007912	1.424765394	1.394620811	1.344329727	1.292449139	1.189776586	1.124615323	1.022062729	0.929042157
514	15.96698496	260.3265174	242.9615815	7.193793554	3.28818084	3.027671133	2.731085636	2.417060782	2.144595095	1.913116336	1.650231008	1.486780843	1.429924235	1.355880097	1.312453718	1.306968438	1.289308905	1.278068812	1.286619712	1.249566307	1.329448463	1.318980615	1.337279418	1.322123926	1.355059413	1.30386722	1.232598827	1.14898283	1.052561575	0.992083175	0.904415028
516	7.964047424	188.9867524	292.6406759	21.09721234	3.247686039	2.968645236	2.633203752	2.384618253	2.039270136	1.81181702	1.639194465	1.536949293	1.436855096	1.363574515	1.303497223	1.274184545	1.224304547	1.259305638	1.23272643	1.229446022	1.289905039	1.280034344	1.305566392	1.338868173	1.268672859	1.274314424	1.211833652	1.097649311	1.010498377	0.94096117	0.898491917
518	5.667162918	123.0915077	313.1067696	53.95002951	3.262262603	2.900384207	2.573509049	2.242329343	1.981686819	1.655885257	1.502519713	1.462188049	1.309806423	1.284204736	1.228738868	1.212416024	1.195614957	1.245642479	1.185390938	1.187903963	1.211089471	1.243387977	1.262948196	1.27942189	1.31147718	1.208778799	1.171750788	1.091496794	0.985132399	0.930042843	0.869311565
520	5.289610446	72.54640473	299.8845846	107.4420943	3.404868412	2.886910334	2.521633889	2.167967122	1.911199769	1.708492172	1.494417279	1.42514957	1.321321323	1.228468623	1.272562473	1.170562096	1.186472414	1.137183941	1.146171026	1.18652869	1.206340911	1.192632538	1.228037584	1.170702316	1.207358591	1.156631243	1.100387703	1.030506424	0.967389196	0.889807606	0.816732779
522	4.728805952	37.52789546	259.863264	171.4917631	3.495926618	2.822796184	2.492671468	2.084993058	1.910222117	1.668526348	1.440056558	1.338800191	1.306922428	1.197518576	1.121851178	1.137021775	1.103227043	1.069729663	1.055674491	1.160040783	1.150564271	1.129191878	1.192012076	1.190385807	1.141696817	1.152851647	1.048890669	1.011265783	0.911730791	0.898164436	0.809831209
524	4.453357547	16.58471317	200.8878149	240.9462186	5.711760088	2.716862244	2.351903034	2.034023776	1.814840593	1.548055791	1.398435658	1.319910062	1.207524373	1.206075493	1.137562468	1.074413219	1.083266546	1.097998414	1.076991573	1.065850204	1.112273245	1.084068649	1.173939981	1.109850058	1.132862482	1.093273993	1.044866123	0.989344968	0.888589765	0.853220801	0.764896086
526	4.506128458	8.250000977	142.7890175	289.9645305	18.45246402	2.736289995	2.31719245	2.141901716	1.782784138	1.551040379	1.392455945	1.302173651	1.168226635	1.179601244	1.075071418	1.059413348	1.077887622	1.01383235	1.033285299	1.039251762	1.077726563	1.058394023	1.037739456	1.092709487	1.07819737	1.086717889	1.006253122	0.938361476	0.856027287	0.792354447	0.739066898
528	4.710153507	5.604424286	92.13003732	307.8534969	50.46018985	2.674046985	2.329335183	2.007238728	1.770519757	1.542932325	1.351994936	1.224813134	1.146925829	1.077922233	1.099659931	1.046844639	1.004499079	1.005374161	1.01251891	1.021729451	0.999923869	0.983413204	1.063980441	1.055113969	1.060686051	1.038733485	0.945526746	0.915899839	0.864328923	0.805933701	0.693252932
530	6.423621414	4.797223329	52.35936033	294.4329836	103.6195907	2.748216912	2.157836866	1.915300798	1.717239149	1.416412263	1.343998293	1.246560371	1.078402648	1.070720926	1.016448696	0.959336773	0.981158777	0.908542792	0.924062652	0.958875947	0.957708379	0.984448964	0.995581945	1.034671094	1.045161823	0.984109968	0.92833501	0.829149198	0.807362198	0.767353495	0.701795944
532	9.658480859	4.514211289	27.16154552	253.3757075	167.3946706	2.81211036	2.220286089	1.855959154	1.654781454	1.421053875	1.259631765	1.100665979	1.074390165	0.996622891	0.954620771	0.982904468	0.903710401	0.897818661	0.959240873	0.907859022	0.942711887	0.927791909	0.998052591	0.990676418	0.988078033	0.952619792	0.894775366	0.848939206	0.775845447	0.728865721	0.68055989
534	14.00101818	4.346757196	12.06792125	192.1939576	237.6787642	4.214587035	2.214419176	1.812525237	1.558982211	1.307572481	1.280750585	1.109251701	1.035632318	0.987814557	0.982323116	0.934951741	0.925050865	0.862131492	0.866562719	0.89501873	0.858916974	0.947060565	0.941279014	0.933061198	0.937956983	0.910223477	0.903883499	0.81345099	0.763004076	0.705819986	0.675513876
536	20.93737587	4.158113856	6.430934966	132.2734704	288.504731	13.54719435	2.135400135	1.881445098	1.625578032	1.296053084	1.155600918	1.09429433	1.007960051	0.986257713	0.94345292	0.900731178	0.894085084	0.86629814	0.862126475	0.871183785	0.881263992	0.843851059	0.86578008	0.884367625	0.898183086	0.840275082	0.813911913	0.78818526	0.725542375	0.713925915	0.65179227
538	28.6769199	4.27880098	4.543746469	81.06790817	306.8943944	42.84693674	2.234762027	1.831410847	1.544454612	1.253264525	1.13789481	0.999109065	0.920145253	0.923429138	0.862713516	0.855200664	0.879626267	0.816069139	0.8155609	0.803670793	0.867011846	0.845921282	0.848332208	0.891716109	0.867477102	0.851971679	0.814629968	0.748677806	0.699573121	0.661045144	0.62220513
540	36.01132665	4.892631888	4.058217184	45.76200058	291.113564	88.46206642	2.335190873	1.775410676	1.413153266	1.253876595	1.079183	1.02666199	0.917720575	0.914555102	0.850569083	0.78589712	0.796373812	0.783082123	0.793065222	0.767081108	0.788046302	0.833879849	0.827605064	0.832855912	0.849959714	0.851593458	0.756969103	0.731100554	0.666750681	0.631164245	0.620904444
542	41.71542682	6.609628482	3.847665041	23.51359184	246.3742038	150.9870196	2.310717064	1.787508375	1.478312224	1.315134582	1.128260375	0.973392943	0.889943628	0.874960287	0.816428136	0.765104528	0.777313288	0.761502978	0.757084875	0.715110342	0.758623711	0.794435668	0.780266691	0.804140618	0.794955699	0.74492754	0.736677072	0.709537521	0.663985248	0.612558426	0.575050131
544	44.17373373	10.19579643	3.687160851	10.79854574	183.9284716	220.4619777	3.579187073	1.722075305	1.435425083	1.185939853	1.051711796	0.955294873	0.889119641	0.864209041	0.758799108	0.804045497	0.718354838	0.731718988	0.701035298	0.752764289	0.701058303	0.752256144	0.762722363	0.737985698	0.761545864	0.717078623	0.733214359	0.673222592	0.623092977	0.572220429	0.534497604
546	43.09295942	16.12467381	3.424977128	5.613228794	126.7350169	270.8366369	12.05804902	1.679348384	1.355960662	1.121021358	1.030159398	0.92393573	0.837780698	0.84556333	0.749837555	0.770498841	0.731868385	0.709681232	0.685152129	0.676558178	0.706789062	0.720145174	0.719701343	0.72180081	0.710005446	0.704620978	0.696666682	0.635132715	0.617190161	0.569999992	0.530418254
548	39.85014754	23.08580468	3.252703197	4.17101276	78.07490898	291.1463337	40.16836063	1.735241797	1.360277976	1.043210521	1.016454289	0.827687019	0.831154018	0.808085566	0.750924172	0.689419521	0.685444226	0.675112271	0.664268406	0.697089911	0.667059656	0.699448022	0.690057037	0.695303493	0.726489441	0.668273685	0.66599118	0.594434379	0.594774973	0.569460385	0.51429116
550	33.66690268	30.69534425	3.50637596	3.777156155	44.1348134	277.6254546	84.10970817	1.755122571	1.339751526	1.078267384	0.918703382	0.846648699	0.772468183	0.728184654	0.700159509	0.68706555	0.676033612	0.643735831	0.641890561	0.652199835	0.634340764	0.671847888	0.665274213	0.689280463	0.684276143	0.659753714	0.632223928	0.595774079	0.57847556	0.516653392	0.51221235
552	25.6899267	36.45183963	4.490540222	3.525576677	21.09331006	236.5721538	142.6758278	1.888448285	1.23045158	1.129782745	0.90617061	0.823814337	0.732674083	0.654313079	0.699451788	0.658202243	0.612717943	0.60901229	0.604239948	0.638709702	0.620698179	0.626727668	0.629585163	0.640848269	0.640932304	0.646300867	0.586847628	0.568874977	0.53641914	0.486938637	0.503025325
554	19.02529681	39.99654551	6.72237201	3.188470976	9.665363117	179.5269227	203.1160922	2.825481536	1.237366596	1.005646819	0.888589823	0.820838735	0.748861044	0.689717419	0.639909956	0.631909627	0.624934284	0.595904077	0.586498449	0.619897997	0.592952151	0.581126441	0.637353888	0.645610622	0.640771612	0.605866144	0.584066988	0.561421731	0.550977206	0.472053545	0.464485488
556	14.14080433	40.65065219	10.82673977	3.067057648	4.869050468	122.3151399	245.5931972	10.18442252	1.241684386	1.038188548	0.842383021	0.741183483	0.712785736	0.661215451	0.627124483	0.596425532	0.602300171	0.567615909	0.572889883	0.580066401	0.593579624	0.546902657	0.582178111	0.576450499	0.593710407	0.57826004	0.566095689	0.51492502	0.485125498	0.459013371	0.432976681
558	9.287360633	39.28601741	16.15960274	2.995535241	3.610443947	76.02224022	262.627894	33.05303532	1.260065302	0.957412914	0.882956465	0.758053178	0.694441218	0.669155036	0.617187415	0.570357519	0.567395725	0.599299568	0.578177167	0.558191975	0.543300208	0.567190571	0.533302425	0.551186782	0.590686183	0.542409438	0.532661148	0.49555918	0.462660801	0.446682803	0.428227725
560	5.940196749	34.27778978	22.60252429	2.906962942	3.421600248	43.57269961	247.624484	72.66813355	1.361683966	1.040136287	0.852440436	0.716970043	0.662167954	0.623250294	0.578702666	0.550230807	0.520179464	0.544170058	0.514074527	0.538726419	0.527178247	0.551938939	0.537787489	0.562827092	0.554539084	0.535463238	0.542025678	0.483802501	0.431020384	0.443365404	0.407073176
562	3.980846711	28.61837105	28.6188886	3.31469308	3.387293855	22.08762376	209.7747482	123.7765911	1.453713498	0.963305975	0.814717056	0.691757155	0.616623174	0.604032452	0.580138749	0.523149912	0.512881796	0.503360403	0.506398286	0.497383728	0.49070564	0.50674228	0.504520265	0.529009701	0.528424773	0.524380825	0.503623581	0.476833845	0.436869622	0.39990223	0.38714908
564	2.795135847	22.31529283	34.34285295	4.188230422	3.124653475	10.16073093	161.4889755	173.466588	1.937568323	0.955030551	0.821226682	0.713440024	0.666816766	0.563347248	0.553512369	0.522294548	0.47405047	0.497432516	0.502058682	0.481162259	0.503265746	0.481512104	0.509072773	0.499081789	0.540834444	0.4870685	0.492551239	0.432858406	0.429401757	0.393493965	0.368282289
566	2.090656712	16.94386795	36.90801756	6.601800529	2.849196041	5.207899123	111.8805854	214.5558724	6.836954407	0.958052701	0.776653831	0.726882759	0.617988749	0.592720716	0.547500858	0.496882103	0.504505344	0.461759412	0.504688122	0.477864258	0.466972453	0.495798856	0.490659543	0.470485257	0.495668128	0.471112231	0.479456799	0.418843834	0.395897483	0.367437273	0.357193956
568	1.861332652	11.72323474	37.47508442	10.13655435	2.757915112	3.599173712	71.438114	229.6857071	21.8061331	0.991186375	0.778417001	0.659702267	0.607376915	0.563108802	0.466073114	0.472647119	0.461099481	0.46788467	0.462374733	0.448788271	0.440342322	0.4398671	0.460881329	0.462017927	0.462796599	0.465789524	0.436234264	0.402043202	0.376954843	0.358504564	0.350211568
570	1.611278625	8.249869026	34.97916823	14.88576099	2.652904187	3.213064691	40.7783883	222.5336738	49.64176562	1.003584874	0.734266987	0.65062411	0.552090763	0.515978687	0.496727896	0.426110866	0.452756663	0.43857434	0.442866573	0.426863491	0.425402844	0.420302591	0.421031709	0.453880526	0.44889485	0.419315506	0.393882201	0.385044512	0.403117508	0.345536173	0.328568503
572	1.601782543	5.565984556	31.00616288	20.47467445	2.821316929	3.091943679	21.47400748	196.109407	83.72970075	1.099785955	0.779324899	0.599256869	0.543768433	0.525670193	0.453945547	0.439484861	0.424782698	0.40708811	0.404718416	0.397175689	0.413052329	0.427448413	0.41591457	0.428335545	0.42654327	0.428502875	0.406223966	0.36803466	0.352875859	0.332716154	0.318993118
574	1.572990177	3.648024636	25.25703867	25.93149194	3.029497841	2.88528225	9.881608276	153.2586138	124.6023894	1.413467778	0.751899982	0.608981366	0.521072543	0.445824234	0.459655089	0.44381227	0.446131204	0.404699423	0.397367293	0.405186785	0.398879719	0.394980595	0.426423456	0.402258524	0.412456249	0.404236228	0.386887184	0.352117934	0.310820391	0.31617084	0.32153865
576	1.401433438	2.706159619	20.04744056	30.44580358	3.744683819	2.785117194	4.810996815	109.3747352	157.4367735	4.702617206	0.757667064	0.579481217	0.491084645	0.478816921	0.450227367	0.446715409	0.395513496	0.402422064	0.369889806	0.361340318	0.391367024	0.365978035	0.3886394	0.398459441	0.408626541	0.39184143	0.361735918	0.333597786	0.312943973	0.323416833	0.28140153
578	1.53585276	2.177694342	15.10477933	33.10840875	5.209094355	2.643749766	3.22227852	69.26828475	175.1996893	15.65043992	0.729071014	0.602129388	0.480448641	0.491952158	0.483757603	0.418441905	0.37294855	0.363932705	0.366963051	0.392054115	0.350443703	0.355002315	0.381870635	0.371922558	0.359141832	0.367148586	0.344340145	0.332814038	0.334814662	0.288493862	0.279017029
580	1.498704455	1.878577779	10.5107224	33.84050806	8.434352636	2.610635943	2.886779572	40.08340267	175.1152411	37.60034374	0.795498369	0.596252279	0.474718933	0.454310037	0.424206821	0.418570589	0.376415373	0.376000074	0.350919736	0.360601425	0.346531092	0.335422912	0.347676561	0.376250517	0.35287551	0.358580082	0.334263023	0.311736655	0.305201733	0.275979188	0.253562893
582	1.445974422	1.684780721	7.118880427	31.70012809	12.33021059	2.534066785	2.702035676	20.48593362	155.6175901	68.36585655	0.862215644	0.551405854	0.463935734	0.457821283	0.388845935	0.401270202	0.352142214	0.348436235	0.341944193	0.343739232	0.325595051	0.341241189	0.3603914	0.352611542	0.357499901	0.340004477	0.322981802	0.312211836	0.290158695	0.274880413	0.24695492
584	1.419155065	1.772559444	4.718266439	27.79130929	17.71845592	2.372310335	2.514240591	9.617048075	123.4485151	102.6271164	1.15188101	0.533251478	0.419408813	0.40329715	0.402789702	0.368478177	0.353603237	0.338887087	0.317613731	0.349130303	0.317684156	0.310418714	0.33476593	0.332782067	0.340879892	0.328676553	0.310055829	0.288784175	0.270435026	0.273394834	0.249452111
586	1.315458239	1.695651864	3.170485698	22.7916549	22.67848351	2.563427939	2.46606277	4.531032387	88.5855043	131.3748054	3.800755639	0.578562899	0.479171369	0.417189036	0.372051481	0.387312833	0.326241912	0.324313869	0.280191438	0.321032135	0.313400109	0.318363774	0.325816475	0.321179952	0.31141725	0.300340415	0.304107126	0.293992976	0.260282204	0.248528129	0.227994029
588	1.336062122	1.771541108	2.251883984	17.82654103	26.63414688	3.332133152	2.464592127	2.641824304	56.70800033	146.4028489	13.97420191	0.540694425	0.459349156	0.407530827	0.379505066	0.354312156	0.319165402	0.336211591	0.305290119	0.301263153	0.288015473	0.31116604	0.320844772	0.31242223	0.315384824	0.298745257	0.280333747	0.256627202	0.25904517	0.223070141	0.226278193
590	1.464949617	1.696599277	1.903474415	12.88788707	29.75587116	4.781566698	2.433905834	2.386470541	33.18421262	142.6381098	33.03763895	0.574569936	0.4187901	0.384679889	0.360941319	0.333983344	0.327941001	0.31388294	0.29329681	0.295051863	0.298493923	0.276740178	0.303622142	0.284674938	0.309268967	0.277206367	0.277884215	0.260257939	0.233192375	0.226031877	0.20923243
592	1.413068303	1.561729704	1.677905027	8.690127289	29.51415732	7.324346217	2.207760057	2.146623859	16.27047609	124.0673654	61.14396288	0.659708303	0.40887466	0.348501266	0.324601846	0.295751186	0.306238716	0.315033086	0.287852719	0.260003939	0.276526515	0.27314855	0.30842666	0.280393865	0.26968538	0.272283254	0.264916872	0.238885606	0.230985587	0.201991507	0.210545731
594	1.439430725	1.668349236	1.618290884	6.329807316	28.19430765	10.64168584	2.250408516	2.129940113	7.813842889	98.94102193	87.84749482	0.963566794	0.45843205	0.377809433	0.353065832	0.311880434	0.284784298	0.294817252	0.257649162	0.268942608	0.255828861	0.255825461	0.255917385	0.276470877	0.292292281	0.25329566	0.2345653	0.232000234	0.218691844	0.21240086	0.188916036
596	1.370033502	1.541118488	1.535829082	4.161170841	24.73407042	14.54032675	2.276789999	1.993952527	3.600281783	69.92614201	110.9660283	3.460525179	0.442780292	0.377094044	0.316222955	0.330247931	0.304015919	0.268262038	0.260859949	0.236621308	0.253665285	0.264084095	0.271021617	0.281818868	0.267669727	0.249078844	0.231601075	0.227391069	0.213005284	0.210326746	0.185934885
598	1.437932833	1.619292	1.437523787	3.041886556	20.22492688	18.62323399	2.313245119	1.96624597	2.168014806	43.37948814	122.2239825	12.48742069	0.463303735	0.37034248	0.307043972	0.273105107	0.26647192	0.257566495	0.23626486	0.260200101	0.227570733	0.244306097	0.245783009	0.256843326	0.259875395	0.243815482	0.240326878	0.215246011	0.19704194	0.194552157	0.181306414
600	1.277067619	1.521921331	1.463525994	2.287470793	15.77916037	22.76757644	2.765613287	1.806588867	1.834013084	24.65899932	118.3624829	28.6482456	0.509439446	0.358506517	0.276318067	0.282743043	0.245713562	0.258701806	0.256310827	0.227542821	0.231230827	0.237036697	0.241928684	0.237531335	0.228659788	0.231059318	0.226250252	0.209453925	0.202283484	0.187330894	0.175886049